1.0
2
1.0
1.0
1.0
1.0
1.0
1.0
1.0
1.0
1.0
1.0
1.0
1.0
1.0
1.0
1.0
1.0
1.0
1.0
1.0
1.0
2.0
1.5
1.3333333333333333
1.0
4.5
1.0
1.0555555555555556
1.0
1.0
1.0
1.0
1.0526315789473684
1.0
1.0
1.0
1.0
1.0
1.0
1.0
1.0
1.0
1.1
1.0
1.0
1.0
1.0
1.0
1.0
1.0
1.2272727272727273
1.0
1.1111111111111112
1.0
1.0
2
1.0
1.0
1.0
1.0
1.0
1.0
1.0
1.0
1.0
1.0
1.0
1.0
1.0
1.0
1.0
1.0
1.0
1.0
1.0
1.0
2.0
1.5
1.3333333333333333
1.0
4.5
1.0
1.0555555555555556
1.0
1.0
1.0
1.0
1.0526315789473684
1.0
1.0
1.0
1.0
1.0
1.0
1.0
1.0
1.0
1.1
1.0
1.0
1.0
1.0
1.0
1.0
1.0
1.2272727272727273
1.0
1.1111111111111112
1.0
1.0
1.0
1.0
1.0
1.0
1.0
1.0
1.0
1.0
1.0
1.0
1.0
1.0
1.0
1.0
1.0
1.0
1.0333333333333334
1.0
1.0
1.0
1.0
1.0
1.0
1.0
1.032258064516129
1.0
1.0
1.0
1.03125
1.0
1.0606060606060606
1.0
1.0
1.0
1.0
1.0285714285714285
1.0
1.0
1.0
1.0
1.0277777777777777
1.0
1.0
1.0
1.0
1.0
1.0
1.0
1.0
1.0
1.0
1.0
1.0
1.0
1.0
1.0
1.0
1.0
1.0
1.0
1.0
1.0
1.054054054054054
1.0
1.0
1.0
1.0
1.0
1.0256410256410255
1.025
1.048780487804878
1.069767441860465
1.0
1.0217391304347827
1.0
1.0
1.0212765957446808
1.0
1.0
1.0
1.0
1.0
1.0
1.0
1.0
1.25
1.0
1.0
1.0
1.0
1.0166666666666666
1.0
1.0
1.0
1.0
1.098360655737705
1.0
1.0
1.0
1.0
1.0
1.0
1.0
1.0
1.0
1.0
1.0
1.0
1.0
1.0
1.0
1.0
1.0
1.0
1.0
1.0
1.0
1.0
1.0
1.0
1.0
1.0
1.0298507462686568
1.0
1.0
1.0
1.0
1.0
1.0
1.0
1.0
1.0
1.0
1.0
1.0
1.0
1.0
1.0
1.0
1.0
1.0
1.0
1.0
1.0
1.0
1.0
1.0
1.0
1.0
1.0
1.0
1.0
1.0
1.0
1.0
1.0
1.0
1.173913043478261
1.0
1.0
1.0
1.0
1.0
1.0740740740740742
1.0114942528735633
1.0
1.0
1.0
1.0
1.0
1.0
1.0
1.0
1.0
1.0
1.0
1.0
1.0113636363636365
1.0
1.0
1.0786516853932584
1.0
1.0520833333333333
1.00990099009901
1.0
1.0
1.0
1.0196078431372548
1.0
1.0
1.0
1.0
1.0
1.0
1.0096153846153846
1.0
1.0
1.0
1.0
1.0
1.0
1.0
1.0
1.0
1.0
1.0
1.0
1.0
1.0
1.0
1.0
1.0
1.0
1.0
1.0
1.0
1.0
1.0
1.0
1.0
1.0
1.0
1.0
1.0
1.0
1.0
1.0
1.0
1.0
1.0
1.0
1.0
1.0
1.0
1.0
1.0
1.0
1.0
1.0
1.0
1.0
1.0
1.0
1.0
1.0
1.0
1.0095238095238095
1.0
1.0
1.0
1.0
1.0
1.0
1.0
1.009433962264151
1.0
1.0
1.0
1.0
1.0
1.0
1.0
1.0
1.0
1.0
1.0
1.0
1.0
1.0
1.0
1.0
1.0
1.0
1.0
1.0
1.0
1.0093457943925233
1.0
1.0
1.0
1.0
1.0
1.0
1.0
1.0
1.0
1.0
1.0
1.0
1.0
1.0
1.0
1.0
1.0
1.0277777777777777
1.0
1.0
1.0
1.0
1.009009009009009
1.0
1.0
1.0
1.0
1.0
1.0
1.0
1.0
1.0
1.0
0.9910714285714286
1.009009009009009
1.0
3.2142857142857144
1.0
1.0166666666666666
1.3797814207650274
0.900990099009901
0.9098901098901099
0.927536231884058
0.9583333333333334
0.9864130434782609
0.9669421487603306
0.9544159544159544
0.9791044776119403
0.9939024390243902
0.99079754601227
0.9876160990712074
0.9686520376175548
0.9935275080906149
0.9869706840390879
0.9966996699669967
0.9801324503311258
0.9864864864864865
0.9828767123287672
0.9860627177700348
0.9893992932862191
0.9964285714285714
0.989247311827957
0.9818840579710145
0.996309963099631
0.9888888888888889
0.9850187265917603
0.9847908745247148
0.9884169884169884
0.9921875
0.9921259842519685
1.873015873015873
0.7415254237288136
0.8885714285714286
0.9356913183279743
0.9347079037800687
1.911764705882353
0.9442307692307692
0.9470468431771895
0.9655913978494624
0.9376391982182628
0.9524940617577197
1.3316708229426435
0.8576779026217228
0.9213973799126638
0.9478672985781991
0.945
0.955026455026455
0.9750692520775623
0.9573863636363636
1.0148367952522255
0.9678362573099415
0.9395770392749244
0.9356913183279743
0.9621993127147767
0.975
0.9633699633699634
0.973384030418251
0.9609375
0.9390243902439024
0.9826839826839827
0.9911894273127754
1.0
0.9955555555555555
0.9955357142857143
1.0762331838565022
0.9583333333333334
0.9956521739130435
0.9781659388646288
0.9910714285714286
0.990990990990991
0.990909090909091
0.9862385321100917
0.9767441860465116
0.9952380952380953
1.0
1.0
1.0
0.9904306220095693
0.9806763285024155
