0.5294117647058824
0.5
0.5
0.44897959183673464
0.49230769230769234
0.5
0.4936708860759494
0.5001562988433885
0.5
0.5
0.5
0.5
0.5
0.5028248587570622
0.4810810810810811
0.5
0.5
0.49551578524029766
0.5022421524663676
0.23829787234042554
0.7606894423209326
0.497260463188913
0.49519814166348863
0.4927806241266885
0.5049839616459145
0.503259724026372
0.5018082658054035
0.49908116271975833
0.5010244335035626
0.49606299212598426
0.34806629834254144
0.4870852239249438
0.5002628889427139
0.5073433559992551
0.6082497536336372
0.49414740130967777
0.4930164589167506
0.5032172858086214
0.5011135857461024
0.4805245001884258
0.5024038461538461
0.5024743186828651
0.5035006926504174
0.4862988193546975
0.49771817307809324
0.4922954038672746
0.49386840138895
0.5032484822664821
0.5226075973962887
0.49791722059735877
0.4942716857610474
0.5016611295681063
0.4991216739860501
0.5000035870321613
0.4989939637826962
0.49897750511247446
0.5000172179273059
0.5010745896821847
0.5030886531035061
0.486615580220611
0.5052365664965002
0.501125693262314
0.5
0.5022935779816513
0.38258234347833153
0.5230986123355716
0.5014947386084138
0.5007963659325021
0.5008259832098384
0.4535500381384811
0.5167912561913988
0.5158793495770946
0.501494985209897
0.519294422506768
0.4903572792464039
0.4976690103345976
0.48539866220033384
0.5190585067949441
0.49328500581890766
0.5143297444330674
0.49091763061026095
0.4464214539025212
0.4758859496450734
0.560954422690174
0.5120610157537002
0.5037947345206771
0.49828139057417703
0.5060284724621504
0.494727451773114
0.48211829851497606
0.5048291357237401
0.4816787439808746
0.5368205247776935
0.5214568986307242
0.49771184606288904
0.49238476810914267
0.5022848285852983
0.4995557480308557
0.49387637049217203
0.4981522542498152
0.4941348973607038
0.4810606979169193
0.5284183052217168
0.4894716059239845
0.507542661127831
0.4919939988183514
0.4959576449841437
0.49960102845996984
0.5042004058179888
0.49328288610034343
0.4976690678401758
0.4845245679206413
0.5223884593858539
0.4968596894998555
0.5023057280776078
0.48794347017940853
0.5000503043412646
0.47452521952215637
0.5299180068523491
0.5145290130047209
0.49889898932866583
0.4935015604869815
0.49838589782196235
0.49636688557591285
0.5046360784304749
0.47807920239117174
0.48153099883594186
0.5111063814454845
0.5264567281220357
0.5012981394880683
0.5035958745982373
0.4957924766328344
0.44253703984861903
0.5753480253854183
0.49794147386987325
0.5012651428221926
0.49134141196005754
0.5083916701119044
0.47187092672554753
0.529860146216676
0.4989961025156489
0.48912105818077256
0.5128350403137938
0.4961878552003778
0.4973099275058415
0.5043660495983234
0.49676480465689016
0.41681300987026126
0.5954519492171508
0.4915264655874295
0.4778821241567571
0.5223360206614263
0.4991114215433205
0.5053014321466477
0.4971739186512771
0.4954194362406941
0.4923761077105054
0.5133034895923274
0.4829182573488231
0.5164010655569742
0.4887014890575327
0.5147938196142094
0.4950001840423053
0.5014596780673327
0.49535445976668957
0.47697505134343593
0.5293107388289839
0.4772643548163808
0.5206209742611967
0.49135305016656156
0.4895601607930375
0.5008188179246688
0.5213418859933151
0.49614022756650183
0.49624636524983956
0.5062050928959322
0.4967582318718886
0.49900166711898575
0.5084688795412647
0.49874794922718246
0.5041316388535374
0.4988159821700844
0.48748457572112136
0.47897160787489246
0.5141035717404594
0.516715747667242
0.47766238225006974
0.5266109933939922
0.4882519375076886
0.502823471642524
0.4493090625083206
0.539143388152463
0.5051535053496878
0.5018450953530829
0.4969700234672076
0.5208349912845249
0.4778641121715932
0.5177138487262076
0.49114930314568
0.5057248830833736
0.5051846903608787
0.483119128136593
0.5148211546711854
0.45353911555028875
0.5481959299180158
0.5035655629139073
0.5019857308543915
0.4906894816305989
0.49525758589476165
0.49781201735676983
0.5110982426809506
0.4875072660181578
0.493023751028957
0.5062533977650256
0.5072928061292845
0.49441334994775926
0.5034482348604654
0.500447893104843
0.49914030182930996
0.5017768367209834
0.49514105089516824
0.5017699115044248
0.5117328519855595
0.4996090949438394
0.5000327382455668
0.4886251236399604
0.5092783505154639
0.5025507261806534
0.49261493456210625
0.5064388172333198
0.4867883221422756
0.5005969079360459
0.4994405171636607
0.5022935779816513
0.5069444444444444
0.4971972449164105
0.5112360041350592
0.4891032770511895
0.5101488866710494
0.4853723404255319
0.47279792746113997
0.5384612884141544
0.47924458984826557
0.5267258099390387
0.48672148157787504
0.46503322848426076
0.5339548681004344
0.4881315099553603
0.5135683137516318
0.48430029860163054
0.5237854128344003
0.5237854128344003
0.5030010478953121
0.508371851483903
0.4983504887061411
0.49956575365460265
0.4945529756217359
0.5028667563395985
0.5082729294724938
0.4952111046325049
0.48690955084495924
0.5069549123242192
0.4953776026210204
0.5132816876919808
0.4866372716638171
0.5000226767653861
0.5039468963042698
0.5032151424136749
0.5025730064429755
0.4985171205176597
0.4949693349901792
0.5113864482501862
0.4904636788083852
0.49639317342091377
0.48686840485542243
0.5253627401183533
0.4859935903396376
0.5134930659297681
0.47834950823943206
0.5207313346467188
0.46481996896341576
0.5389035278162752
0.4916648507300065
0.46440077319587625
0.5491358270657967
0.47765876394926726
0.5181803127439616
0.48521739130434777
0.5138121546961326
0.4998063766619337
0.4924517003372309
0.49598453797194175
0.4898129871867786
0.513178421873717
0.494949494949495
0.43439716312056736
0.5782006409236574
0.4938251019288489
0.508148476868369
0.48337544719921943
0.5118094815317726
0.48998178506375234
0.5037453183520599
0.49625468164794007
0.5076628352490421
0.49428994791354847
0.5010054781221829
0.5051064235945405
0.520072227775449
0.4961829516284962
0.4814865186494849
0.49600584633218253
0.5108149094101685
0.49277510543277636
0.49443718933803055
0.5022987432153346
0.4853085160106772
0.5026042682688932
0.49926319691175547
0.5104208640186555
0.48303816106998243
0.5169023309574263
0.4821801112656468
0.5132600258732212
0.5136133749115589
0.5063006835944333
0.4807303613199192
0.5191492419343249
0.4571472017030676
0.5130406409745133
0.5032600590188593
0.5130244593310586
0.47915859522778553
0.5390809308095296
0.47482317132925583
0.5000733124930353
0.5216596784018261
0.4816786465363005
0.5109922442691562
0.49751205588627334
0.4838607298196009
0.5066805874966491
0.5171239678801464
0.4907055280051112
0.49911544641552913
0.4959391928778399
0.4898416654817368
0.5071441796066878
0.501984126984127
0.5070140280561122
0.4929859719438878
0.49496981891348085
0.500099224461608
0.502018461067065
0.5019492521007775
0.5077857985232147
0.49901386919707574
0.5155319464836596
0.5021321864685718
0.5076298370200063
0.49130434782608695
0.5044642857142857
0.5012306002481541
0.5001327626310367
0.5016532773089182
0.503215834217524
0.5023263323206082
0.4890838971140961
0.4986295151800834
0.5000816652450865
0.5000846995049785
0.5049110488738117
0.4717161269790755
0.5263801337153773
0.5117165136709111
0.4724119587190127
0.5250154963251572
0.49934980494148234
0.4660529344073648
0.532009109311741
0.47863008109348704
0.5071942446043165
0.5202952029520295
0.4267569000782808
0.6090317426752191
0.39633276083117636
0.48413098236775826
0.5309264666843643
0.5828848223896663
0.40383807255918197
0.475971845415394
0.5555807493906242
0.5038387715930902
0.5201493541442411
0.5289535048979613
0.4711216393484379
0.5320085562823573
0.5041635124905375
0.46835443037974683
0.5313611520777305
0.4514571331751948
0.4902417188898837
0.5196446873932353
0.5874694873881204
0.4206596141879278
0.49291726544857317
0.3605012427506214
0.5793226381461676
0.4262295081967214
0.5726807888970051
0.49426409567976565
0.5547045951859956
0.5817307692307692
0.4576271186440678
0.6328800988875154
0.36778115501519754
0.5059880239520959
0.5441354292623942
0.3639117265253137
0.6529779711721513
0.4414044687642498
0.6256256256256256
0.4271988174427199
0.5635266510224606
0.38467317806160783
0.629292511377741
0.3648208469055374
0.5700325732899023
0.37435544860776904
0.611764705882353
0.5
0.5842696629213483
0.379750346740638
0.5616646415552855
0.47560975609756095
0.5735294117647058
0.43507501293326434
0.5297297297297298
0.5070422535211268
0.390625
0.7071129707112971
0.5
0.5
0.6153846153846154
0.5
0.5
0.3333333333333333
0.5882352941176471
0.47115384615384615
0.5614849187935035
0.5699765441751369
0.2656183595410115
0.9479287202036566
0.07780979827089336
