0.5
0.5
0.6666666666666666
0.46262341325811
0.5322067951589899
0.4699278591592161
0.524898853719071
0.5190902015295011
0.4690636299904066
0.523259919481582
0.473382645457348
0.5441090218444504
0.46470840128647833
0.5465843166290218
0.44126578724173543
0.555256292203806
0.43350395463915997
0.5443181837286756
0.47588481038205843
0.5263790253568372
0.4997276525359684
0.5166300683512202
0.45190091325533227
0.45190091325533227
0.45190091325533227
0.45190091325533227
0.45190091325533227
0.5008990495761624
0.5008990495761624
0.5008990495761624
0.5008990495761624
0.5008990495761624
0.5008990495761624
0.5008990495761624
0.5008990495761624
0.5008990495761624
0.5008990495761624
0.5008990495761624
0.4978604344963792
0.4978604344963792
0.5010774109611319
0.5010774109611319
0.5041392167558851
0.5041392167558851
0.4954692950724556
0.5030760161434165
0.5023308149815142
0.5023308149815142
0.49581658154949465
0.49581658154949465
0.49581658154949465
0.49581658154949465
0.5013938151486556
0.500283305773656
0.500283305773656
0.5027943197434722
0.49625595643294756
0.4960073042419675
0.5111805649922242
0.4888970482591274
0.4888970482591274
0.4986369439939266
0.49705038407385627
0.49705038407385627
0.49705038407385627
0.49705038407385627
0.5016370022025121
0.5016370022025121
0.5016370022025121
0.5016370022025121
0.5016370022025121
0.5016370022025121
0.5016370022025121
0.5016370022025121
0.5016370022025121
0.5016370022025121
0.5016370022025121
0.5016370022025121
0.5000510256148587
0.5000510256148587
0.5000510256148587
0.5000510256148587
0.5000510256148587
0.5000510256148587
0.5000510256148587
0.5000510256148587
0.5000510256148587
0.5000510256148587
0.5037452658156825
0.5037452658156825
0.5037452658156825
0.5037452658156825
0.5037452658156825
0.5037452658156825
0.5037452658156825
0.5037452658156825
0.5037452658156825
0.5037452658156825
0.5037452658156825
0.5037452658156825
0.5037452658156825
0.5037452658156825
0.5037452658156825
0.5037452658156825
0.5000167971243323
0.5000167971243323
0.4979253112033195
0.502092050209205
0.502092050209205
0.5083327546698146
0.5083327546698146
0.5021638776687825
0.5021638776687825
0.5021638776687825
0.5021638776687825
0.49783549783549785
0.49783549783549785
0.49783549783549785
0.49783549783549785
0.49783549783549785
0.49783549783549785
0.49783549783549785
0.49783549783549785
0.5
0.5
0.5
0.5022026431718062
0.5000195794337627
0.5000195794337627
0.5000195794337627
0.5000195794337627
0.5
0.5
0.5
0.5
0.5
0.5
0.5
0.5
0.5
0.5
0.5
0.5
0.5
0.5
0.5
0.5021834061135371
0.5021834061135371
0.5021834061135371
0.5021834061135371
0.5021834061135371
0.5021834061135371
0.5
0.5
0.5
0.5042735042735043
0.5042735042735043
0.4958854221381798
0.4958854221381798
0.4958854221381798
0.4958854221381798
0.4958854221381798
0.4958854221381798
0.4958854221381798
0.4958854221381798
0.4958854221381798
0.5000176547438296
0.5000176547438296
0.5000176547438296
0.5083504044998437
0.5083504044998437
0.5083504044998437
0.5083504044998437
0.5083504044998437
0.5083504044998437
0.5083504044998437
0.5083504044998437
0.5083504044998437
0.5000167971243323
0.4979423868312758
0.4979423868312758
0.46769733534439417
0.5290719645845705
0.4650776683572517
0.5585371645689859
0.4980353634577603
0.48516023306627826
0.46906721995404144
0.5369752824430566
0.5369752824430566
0.4836211130842182
0.5298199649489281
0.4881747479936932
0.503002975922085
0.4853031824025642
0.4853031824025642
0.4723273379668018
0.5406574394463668
0.4639081848384174
0.4639081848384174
0.4953136854391596
0.5076688061301171
0.5076688061301171
0.5014416447285946
0.514854517611026
0.4790088460974537
0.4790088460974537
0.4879762195051149
0.4879762195051149
0.49163004692681017
0.49163004692681017
0.49163004692681017
0.5074131876706984
0.5074131876706984
0.49500631242109483
0.506303478304896
0.49241181296144376
0.49263634078914303
0.49263634078914303
0.49047619047619045
0.49047619047619045
0.48318781348690326
0.48318781348690326
0.48904052690915556
0.48904052690915556
0.48904052690915556
0.48904052690915556
0.48904052690915556
0.48904052690915556
0.48904052690915556
0.4974884999735631
0.4974884999735631
0.5039028151675438
0.5039028151675438
0.5039028151675438
0.5039028151675438
0.5039028151675438
0.5000295386069593
0.4972677595628415
0.4972677595628415
0.4972677595628415
0.5380086506477358
0.4964941071162166
0.4964941071162166
0.4964941071162166
0.4964941071162166
0.4964941071162166
0.4964941071162166
0.4964941071162166
0.5015769840380397
0.5015769840380397
0.5015769840380397
0.5015769840380397
0.5015769840380397
0.5015769840380397
0.5000826582906265
0.5000826582906265
0.49849157054126003
0.5032873244037895
0.4687237195146369
0.4687237195146369
0.4687237195146369
0.4954473276919057
0.4954473276919057
0.4753265917277897
0.4753265917277897
0.4753265917277897
0.4753265917277897
0.4753265917277897
0.4753265917277897
0.4753265917277897
0.4753265917277897
0.5005093090374059
0.5005093090374059
0.5005093090374059
0.5005093090374059
0.5005093090374059
0.5005093090374059
0.5005093090374059
0.5005093090374059
0.5005093090374059
0.5005093090374059
0.5005093090374059
0.5005093090374059
0.5005093090374059
0.5005093090374059
0.5005093090374059
0.5005093090374059
0.5005093090374059
0.5005093090374059
0.5005093090374059
0.5005093090374059
0.5005093090374059
0.5005093090374059
0.5005093090374059
0.5005093090374059
0.5005093090374059
0.5005093090374059
0.5005093090374059
0.5000289067468346
0.5000289067468346
0.5000289067468346
0.5000289067468346
0.5000289067468346
0.5000289067468346
0.5000289067468346
0.5000289067468346
0.4970414201183432
0.4970414201183432
0.4970414201183432
0.5060240963855421
0.4939759036144578
0.4939759036144578
0.4939759036144578
0.4939759036144578
0.4939759036144578
0.4939759036144578
0.4939759036144578
0.4939759036144578
0.5
0.5031847133757962
0.5031847133757962
0.5031847133757962
0.5031847133757962
0.503030303030303
0.5000371830147988
0.4790799561883899
0.5207430340557275
0.5207430340557275
0.5207430340557275
0.5207430340557275
0.5207430340557275
0.5207430340557275
0.5000245086025195
0.5183495749533485
0.423963133640553
0.4763877381938691
0.4763877381938691
0.4763877381938691
0.4763877381938691
0.4763877381938691
0.4763877381938691
0.4763877381938691
0.4763877381938691
0.4763877381938691
0.4972222222222222
0.504225352112676
0.5227311080360457
0.4652948631924252
0.4244723850909846
0.5799390876535359
0.5429652919808297
0.488378531428931
0.4476688730236726
0.4929016711194929
0.47477046221454916
0.5408076333276538
0.4638418442913259
0.5644069256611249
0.5100601713763556
0.48528340519362906
0.5045588058658455
0.5176547150515975
0.4474791063527612
0.5535472209670131
0.44843402009570077
0.5499119516116683
0.4621283816858662
0.5283302194828098
0.4558918507639632
0.5427043173213851
0.4501312994463679
0.5409533492355219
0.49834168976363247
0.49094983764507655
0.4910578077834399
0.5070483558994198
0.4861188611016501
0.5027585574251717
0.5123355852092335
0.5034013211934704
0.4974475457616512
0.49663588883207027
0.49437885365111844
0.5114482423114345
0.49757935494629757
0.4792013643027396
0.5128937255324498
0.5144983536052684
0.5016383318179479
0.4895885153862554
0.5151869158878505
0.47711346354554945
0.515994745508705
0.47987452148976556
0.5342583061195514
0.45132452651681065
0.5833240082180376
0.4387566648232974
0.5205880973596586
0.49339852087159375
0.5097916723252846
0.4830188679245283
0.5203252032520326
0.5185461045732161
0.4725310357606078
0.5060386637503567
0.5060386637503567
0.5230153435623749
0.46686148718065795
0.5359203372905803
0.4723765485351461
0.49383723777650795
0.49074074074074076
0.507177033492823
0.507177033492823
0.507177033492823
0.507177033492823
0.507177033492823
0.476354525524585
0.5001731901627987
0.48666903661571287
0.15895206120314823
0.8139503810419123
0.5012637830445458
0.5511909496057593
0.48711148980168206
0.5204406097105424
0.4865516933249933
0.5100487546603719
0.4922665090007597
0.5036957904487883
0.49964892380233833
0.5025218627135699
0.4971285129784608
0.5025094707652296
0.5028823560288637
0.4942370157676245
0.5028823589693691
0.49928212528021854
0.5010773272382776
0.4967762637570591
0.5068154190757687
0.49460515735736865
0.5050845104640267
0.49490279614695865
0.5014625210935404
0.505178049088618
0.48891488796908944
0.5033599938028933
0.5010988178235829
0.5018071363862915
0.5010930034138648
0.4996464435190867
0.5007471524234007
0.4974213281955828
0.49597713650033065
0.5084152005886088
0.49231672157272655
0.5014896024477792
0.504341452177009
0.4989217209460185
0.49854280684195484
0.5025608823617358
0.5000194644255183
0.4944683667205099
0.5007670020578628
0.5018255868861307
0.49964211708092743
0.5032490703918368
0.4953053969936595
0.5032464766638063
0.500363609163782
0.49927902285900116
0.4985533470930287
0.5028948583671302
0.49637948265140375
0.5050781360921541
0.5004139311911592
0.4911792818002137
0.5047764281829524
0.5010898512419026
0.5000021187922037
0.5000021311828278
0.498903242573225
0.5007315285039251
0.49744765479624425
0.5040073554002419
0.4978139454215217
0.5018293550253521
0.4992711621357426
0.4974305304554699
0.5044057446641057
0.49742836149889785
0.5014814814814815
0.4970370630491035
0.5040797854029578
0.49259786390955246
0.504438405699153
0.5036770049123623
0.49668874172185423
0.4981549815498156
0.5036899866561367
0.5007611019217136
0.4925758831834455
0.5081438042988768
0.5000448461776108
0.4951255529160514
0.49815301480163515
0.5029811729872817
0.498896792698259
0.5066654284840274
0.4951821778982341
0.4985013132474469
0.5018720922018024
0.5007552598048706
0.49736759030132693
0.5049107325802178
0.4913128360867232
0.5101916121111529
0.49471299093655585
0.49847792998477924
0.5045754200718962
0.49926135881704314
0.49460367506491276
0.5069393587780452
0.49113881045405355
0.5088434151498025
0.49308315806886127
0.5084859407767406
0.4918713929231042
0.5121670710325952
0.4842158186141558
0.5110771495302538
0.48974123239752443
0.5142479167553198
0.4848936213293917
0.5020862932216327
0.5031352818980722
0.49923964512821734
0.5015366828054516
0.496218434423755
0.5060472715117095
0.4951086433043429
0.505636942279383
0.49399476747266224
0.5048705139634109
0.4958953032013849
0.5033529085872576
0.49446715881542674
0.5077264006907827
0.4955904646772216
0.5018401269963565
0.4985321118721584
0.5059045276540551
0.4981987601076971
0.49927315314822673
0.5019514163807
0.4949985543579267
0.5027134654899309
0.49806051202482554
0.4969040247678019
0.5023279482192029
0.49620872553414014
0.5034323688597593
0.499632201412122
0.4992692392991794
0.506696191672268
0.4936566143679219
0.5026200286635615
0.500754120731138
0.49774662897500965
0.5041531977576824
0.4943260876287066
0.5056894070385058
0.4927898906386097
0.5022921774318498
0.5015015015015015
0.4985074626865672
0.5071356377602587
0.4939764827053471
0.5034383161204353
0.49926026762713704
0.4953633145254146
0.495489578886632
0.507953564931916
0.5000050879595134
0.5069282101169565
0.48578116964111545
0.5031378436533266
0.5071951811153305
0.4886725216821039
0.5067878821785224
0.5007423900882381
0.5014930892720124
0.5084495856392937
0.486972959839762
0.5015605683263756
0.5058057724738714
0.49417800385591504
0.4988453662149798
0.5066054740377723
0.49729457456495657
0.5118081873675578
0.4666537040637761
0.5281910238779847
0.48863208310330736
0.5099208418735054
0.5164549479044209
0.44086674906951523
0.5454237305479449
0.48826725048624214
0.5115945357174123
0.4940666205855815
0.47952890454533503
0.5084593623867195
0.5106039321848821
0.5057612580414581
0.5006408057907182
0.4933331306159063
0.4916305148563478
0.5020967668090909
0.49857718813550095
0.5068411666544415
0.500380776100238
0.5140896682847037
0.4815811064448332
0.5158298772227865
0.47356488666882074
0.5170028579712546
0.49641498465021877
0.51607648435157
0.4702768140588022
0.5189456941237263
0.49389359636612057
0.5086908690869087
0.4834508952794357
0.5082807803383038
0.49959971744761
0.4964258819440422
0.4993158673904267
0.503544341863892
0.5000147027169445
0.4992603319311062
0.5011480247154945
0.49926602219835303
0.5022354694485841
0.4974169741697416
0.5011189139133244
0.5021951135979315
0.5014748977139085
0.4955883211615692
0.5092580159538523
0.4937013040820028
0.49549777715466753
0.508252073147673
0.49099172212303194
0.5030209057370475
0.5063378658677115
0.49476887958911925
0.5049360263499059
0.4908822170900693
0.5087347632036849
0.49315849552824326
0.502287159275535
0.5011360755900309
0.5007644977837635
0.49431456161231635
0.5064257138159698
0.49547520576552967
0.5037684161748872
0.4936325318711324
0.5070934654642221
0.49776785714285715
0.5056689342403627
0.49509667740860097
0.5062328816062115
0.48831558844824996
0.5231385605904859
0.4689783827019928
0.5210433403432
0.48111236385076084
0.51559285479385
0.48346850589373946
0.5195492149393132
0.4863326171581567
0.5149614544806381
0.4833829700825775
0.5118805848903331
0.49209156659081177
0.5079385674299549
0.4952305246422893
0.5123355263157895
0.4761459219099511
0.5213746278705679
0.48232141769685166
0.5233016925497745
0.46826012076616536
0.541287017155977
0.4484019418060863
0.540660950059812
0.46443126835257353
0.532289260577293
0.4848068660697178
0.5016547382534131
0.5027844073190135
0.49724626278520845
0.5062995904429243
0.48520723079800643
0.5146844975177208
0.4931248475398031
0.5068751524601969
0.49198959427452205
0.5141934590645951
0.48494557988170633
0.5031413612565445
0.514772385763556
0.4769600080098756
0.5227359083357824
0.4768128646655679
0.5256779069781954
0.4680115158542924
0.532230456420861
0.47596520525410624
0.5130631749952238
0.49885797693401573
0.49010293551237416
0.5215232542249351
0.4739103839691524
0.528762115074687
0.4742151120844622
0.522066908361745
0.4652802197802198
0.5426851001782146
0.46007155256016363
0.5291737502877195
0.47606689696712484
0.52962118716648
0.47830884645520916
0.5099830720317576
0.495009023195535
0.5098046227412321
0.4714042106643929
0.5345426722351516
0.4709332751552374
0.5207149881888525
0.48847537337836344
0.5154082237019222
0.4734201345178578
0.5267844661090217
0.47547059697516875
0.5419761999021914
0.4426511727996557
0.5586214758922955
0.4448438396414839
0.525064372153956
0.5157813806141878
0.47496468043302975
0.511742303367107
0.5033956815682711
0.4800886461056949
0.5026972139366631
0.5113731350085328
0.5069665286596647
0.5096275214862467
0.4695814058891189
0.5318158275603583
0.4609235184311745
0.5581323547334354
0.4471790866890657
0.5318316987716807
0.46238128048203836
0.5294819889961591
0.471697649861251
0.525114296186269
0.49288819957282953
0.49655010202536043
0.502788583712678
0.5011700871870276
0.5087258113352969
0.5037572402971348
0.47918402822789236
0.5113749146699846
0.49426404913637034
0.5019582207935591
0.5117515296140833
0.4874161975285571
0.5080672391931107
0.4904052555081813
0.5057477020255249
0.4984831267277101
0.5049481150010574
0.4935154919014975
0.5080496780128795
0.48698053655970547
0.5118199083382476
0.49429726994622425
0.4977502306273063
0.49639050798439727
0.5106811874117475
0.49340688002936717
0.5047564657454257
0.49418615737631283
0.5079768214706377
0.4971077751056775
0.49599631688798296
0.5029117302031227
0.5007220212842491
0.5000005220694415
0.5032827992701846
0.4959888687230153
0.49817705097830883
0.5029175644605375
0.4996368948778821
0.5007325972145299
0.49926954333846063
0.4970765624447334
0.5051130876475955
0.49744338933528126
0.499266862170088
0.5018336454851657
0.49597556161938605
0.5062156173267285
0.4970765656249831
0.5059796170183257
0.48841399955956544
0.507845198194774
0.4947879301302103
0.5097428714312405
0.4883322969102488
0.5117435502220266
0.48820804196817386
0.5138228037453518
0.4807621218655659
0.5263379097786496
0.4673246809902934
0.5283020908825407
0.4779640004882264
0.518571928193974
0.4845261538903822
0.5159221839446487
0.48363884600387963
0.5152250527419728
0.48630766403234693
0.5028008919345189
0.49815357619754697
0.5056797712586701
0.49812115446753996
0.4948351898917209
0.5103436389756388
0.49520515968769846
0.5011124834612258
0.4992587105630173
0.5003706449221647
0.503731343283582
0.4888624806544329
0.508871151406045
0.4992711621357426
0.4985294149450369
0.5040611967406083
0.4944519994481563
0.5048166255946654
0.49591966436499524
0.4959912476935387
0.5026128266033254
0.5035991747325943
0.5032652984896306
0.4931149394726306
0.5047129409613369
0.49818971759594494
0.5051395007342144
0.49448989632906476
0.5011124834612258
0.4981462315874219
0.5055894353917916
0.4914154766628473
0.5085912148925554
0.4951389381697266
0.5037884457831188
0.4901837567824797
0.5097753680367647
0.4981420348882671
0.49848714069591527
0.49811035525321246
0.5018896447467875
0.49441548771407295
0.5126773500162908
0.4898939687709465
0.5007765996606305
0.5136149640235712
0.4828676612698538
0.5088087636566005
0.49541525707058076
0.5000093236398557
0.5104018165129204
0.48148840309726876
0.5196608867231777
0.4822227271640077
0.5115967088003815
0.49499384269422275
0.50662014347867
0.4818622538277478
0.5289125816303845
0.4679001062470129
0.5321250161956725
0.4797516078953204
0.49091584146323586
0.5172040493206702
0.4950892401426373
0.5049679250526443
0.49348799492296297
0.5065444468130462
0.489616133864655
0.5122869309803829
0.4915341084718359
0.5065952239200899
0.4972987501679882
0.5072563262545242
0.48712172840919143
0.5155621178765798
0.48597590202138735
0.497970769115853
0.5057720888580598
0.49713016207725697
0.5146305537845979
0.47690164603762814
0.520227804419076
0.48902323128719527
0.489133375546857
0.5117252931323283
0.49274193548387096
0.5084529903216314
0.498804780876494
0.5040257648953301
0.4915500584228676
0.5108855692945464
0.49394740080260285
0.5004115182063186
0.49917898193760263
0.5049833887043189
0.49044557845671233
0.5078881746991191
0.49254458696654885
0.5167618315122432
0.4822501294665977
0.5163701036048822
0.4770982383720148
0.5180784337493662
0.4871706324179499
0.5085357165140902
0.4936568131772095
0.5114433272250595
0.4826481948039277
0.514727212185858
0.484682126735812
0.5107260726072607
0.5036615134255492
0.491468965207537
0.5189145398651223
0.47637182309937093
0.5213070343864549
0.4874190476736782
0.4987284955442695
0.5034020491832913
0.49366671490116465
0.5079972533112466
0.4887567428861505
0.5050594403331248
0.5000416267743413
0.504002535450298
0.5004035141485341
0.4956093138475487
0.5043811478265275
0.49564408696745005
0.5091304544836649
0.5018015310085842
0.4860822923945861
0.519031005056847
0.47024121710909206
0.528297652467335
0.4815907483292686
0.5307848973836754
0.4465353640060601
0.53099390404099
0.4886687202158953
0.5124433901229243
0.49462851973312233
0.5261860510613323
0.47069756177178257
0.5457609985432585
0.4161611643365634
0.5561443594510594
0.47436268176403645
0.5259207146522882
0.4891068560442537
0.5012558921813796
0.5086085967523507
0.48887062673231085
0.4952552911309919
0.5270245921709764
0.4555257645978776
0.5393725746791416
0.4670110616486644
0.5446208940831659
0.4359215456282582
0.5338851465558747
0.522570009510726
0.4639890666878964
0.49699218553906394
0.5252340342822589
0.49490415775262625
0.5124481437722194
0.4804896284704947
0.4901408947624818
0.5126009488216309
0.5236860664439653
0.4761092564655463
0.5126814499817609
0.5072454086094647
0.49099670985057936
0.49152633744782015
0.5000009104963844
0.49021525896704865
0.5030548905148761
0.4984808215515749
0.502375979768329
0.5063505503810329
0.5029436501261564
0.4791162273271597
0.5187321182306568
0.49842271685777334
0.5096024791027913
0.5037293524975401
0.47656497561714284
0.5084559640045734
0.5044917068486025
0.49188671139165213
0.5044781516566255
0.5088525509442893
0.4803786709970803
0.522287876464707
0.4958082350566218
0.492198255148935
0.5087305956181878
0.481385433607314
0.5176493486446035
0.4992912741346227
0.4891956202120251
0.5254269223903687
0.467852994183
0.5246498482026839
0.46955597543693905
0.5362307872550062
0.4518458126147395
0.5447780570523064
0.4896689636535604
0.4966583716434916
0.49495236741077775
0.5263850506645611
0.4671427973608224
0.5055150624948037
0.5001052160875398
0.5201691820677516
0.46692646119639514
0.5399865601345171
0.4614083555002995
0.522592547152591
0.48134359647575564
0.5155663829376379
0.4962683378043434
0.5016638889042696
0.49258926812181186
0.5114954923866626
0.49057090913002793
0.495725274682066
0.5080024638374269
0.5087326070488797
0.4920508744038156
0.4959935897435898
0.5096325512735629
0.500545905707196
0.4884700710316894
0.5170404901695037
0.48916958736656735
0.5087595086771826
0.47906968956163554
0.5401005059783188
0.45197658893824033
0.5375968339508252
0.4723245651615114
0.5303544326399429
0.4517201290006767
0.5467753167990089
0.4605818423687254
0.5432466610078472
0.4573910596841698
0.5380983355517706
0.4509487987178955
0.5737652368880471
0.41768924359619003
0.6174989784038427
0.35064664163537757
0.6128940756949509
0.42877564882240515
0.5811007216607439
0.41055707959048277
0.5594343000358037
0.4937004199720018
0.4764212507208692
0.5124039717001184
0.4944023113037198
0.5056127693020819
0.4932587333488189
0.5218838409053087
0.44284310514248276
0.600329398847104
0.38281249999999994
0.577977403222819
0.4389068573079684
0.5792006320249937
0.41776504297994277
0.570950655143574
0.44330740892345477
0.5461486128959105
0.4350847024376641
0.5908450653356352
0.43350004174034473
0.49224999458041574
0.5383408071748879
0.4913494809688581
0.49912126537785584
0.5242927131542766
0.4799724163000423
0.5075844121644909
0.48297808997352776
0.5394914303574716
0.44182708950895366
0.5468555659655787
0.43590435294065616
0.5695265541375051
0.5016360080047938
0.48173870571190236
0.48173870571190236
0.4477105894323715
0.4477105894323715
0.3861031121940415
0.6672637870839198
0.3123537608118411
0.6286750089452551
0.43062004635089773
0.5687873772648099
0.4668708448494809
0.5161290322580645
0.4811768427712749
0.5329740012682308
0.4898785671903829
0.5341769103890006
0.5145086289469935
0.47074197551894487
0.4803299052279133
0.4803299052279133
0.4803299052279133
0.4803299052279133
0.4803299052279133
0.4803299052279133
0.4803299052279133
0.4803299052279133
0.4803299052279133
0.4803299052279133
0.4803299052279133
0.4803299052279133
0.4803299052279133
0.4803299052279133
0.4803299052279133
0.4803299052279133
0.4803299052279133
0.4803299052279133
0.4803299052279133
0.5147058823529412
0.4852941176470588
0.49009900990099003
0.21005425098008157
0.7625480087519133
0.5103291045992511
0.5424526903991228
0.49211342898399335
0.5035117858812245
0.5000029932770996
0.5091893233715478
0.4703639659782305
0.5506664267255112
0.463309124164438
0.5072595281306715
0.5166358595194085
0.4676572768989831
0.5451246982257254
0.4493826662362815
0.5516542735399782
0.4267699787298693
0.5775424413904607
0.47226810093229854
0.4991406916235924
0.5148708626469616
0.46195725839244567
0.5492663621574271
0.45548089273795034
0.5229640151515151
0.4678835489833642
0.5654733867169099
0.42193775100401604
0.5599966199087375
0.4544276336178965
0.5370829747380145
0.4542474800995638
0.5721978089991954
0.4154911515773275
0.5408163265306123
0.4988235294117647
0.5011764705882353
0.47438752783964366
0.5419533127694149
0.48022221129737963
0.530418512214975
0.4260225870741198
0.5889939553534024
0.43350216106371786
0.5547156696641904
0.4254685472376455
0.565997166100217
0.461665078402495
0.5531244317837445
0.4259556965989519
0.5541062559574575
0.45570096977685726
0.5533852737847031
0.4580893424795048
0.550013219353133
0.4064714419875352
0.6158740257674566
0.38934209132323344
0.5686027633279216
0.46324415521812484
0.5521194029850747
0.4445692770169738
0.5620402805502264
0.44082563965149046
0.5406234790427559
0.4686312956870595
0.567631800647364
0.36594824174954493
0.6318405638141467
0.434295673503639
0.5008110165844616
0.5109676639102633
0.5473573423861865
0.42498265824896614
0.5463557776191609
0.47300904449685127
0.5510368949151297
0.4313917199968397
0.5679597671596356
0.41235608720502986
0.6111591915695158
0.4134929270946681
0.5527771098821832
0.452850934603906
0.5471357443781802
0.3878850203222173
0.6158727656136064
0.4580321074194688
0.49609126793106767
0.5802915629603291
0.35850036798129786
0.6487079422001899
0.3891128798001511
0.5355385293662047
0.49195953199379744
0.49174402448601523
0.5195829941537778
0.5010933771289096
0.4989524815989025
0.4989248123137284
0.49891067538126366
0.5021929824561403
0.4891498329283111
0.5140317401219342
0.48503186173382845
0.5235607372984665
0.4805569929905444
0.525729317530222
0.43222155534596585
0.615768878528016
0.4078316548151485
0.5744173795248727
0.3472018348623854
0.6838442803572119
0.6838442803572119
0.5378426698450536
0.5378426698450536
0.49118093680644787
0.49014036963065066
0.49014036963065066
0.49014036963065066
0.49014036963065066
0.5007219174126479
0.5007219174126479
0.5007219174126479
0.5007219174126479
0.5007219174126479
0.5
0.5
0.6666666666666666
0.44376899696048633
0.5936608108347662
0.41040967707023873
0.5638150093172963
0.451746790086593
0.5261503921693109
0.4945395244528911
0.5315246474458305
0.480877806891226
0.5055752194792154
0.48952277354344137
0.5181786400978851
0.4796006247536749
0.5192582060232004
0.5195971353232123
0.49114282541092846
0.4987253587675538
0.5725820188737096
0.5725820188737096
0.5725820188737096
0.5725820188737096
0.5725820188737096
0.5725820188737096
0.5725820188737096
0.49849157054126003
0.49849157054126003
0.49849157054126003
0.49849157054126003
0.49849157054126003
0.49849157054126003
0.49849157054126003
0.49849157054126003
0.49849157054126003
0.49849157054126003
0.5000118908892007
0.5000118908892007
0.5000118908892007
0.5000118908892007
0.5000118908892007
0.5000118908892007
0.5000118908892007
0.5000118908892007
0.5000118908892007
0.5000118908892007
0.5000118908892007
0.5000118908892007
0.5000118908892007
0.5000118908892007
0.5000118908892007
0.5000118908892007
0.49811320754716976
0.49811320754716976
0.4980988593155894
0.5
0.5
0.500014793337081
0.4980694980694981
0.4980694980694981
0.4980694980694981
0.4980694980694981
0.5000629960942422
0.5000629960942422
0.5000629960942422
0.5000629960942422
0.5000629960942422
0.5000629960942422
0.5000629960942422
0.5000629960942422
0.5
0.5
0.5
0.5
0.5
0.5
0.5
0.5
0.5
0.5
0.5
0.5
0.5
0.5
0.5
0.5
0.5
0.5
0.5
0.5
0.5
0.5021834061135371
0.5021834061135371
0.5021834061135371
0.5021834061135371
0.5021834061135371
0.5021834061135371
0.5
0.5
0.5
0.5063829787234043
0.5063829787234043
0.49591899989668353
0.49591899989668353
0.49591899989668353
0.49591899989668353
0.49591899989668353
0.49591899989668353
0.49591899989668353
0.49591899989668353
0.49591899989668353
0.5
0.5
0.5
0.5059288537549407
0.5059288537549407
0.5059288537549407
0.5059288537549407
0.5059288537549407
0.5059288537549407
0.5059288537549407
0.5059288537549407
0.5059288537549407
0.5019607843137255
0.5000155005115169
0.49604749257928454
0.4706036821988154
0.5279291206273232
0.4596739411713965
0.5675614877024595
0.49392584385263744
0.487117062284439
0.4639237532720317
0.4639237532720317
0.4763408657772938
0.5321816236049534
0.488447952405902
0.504407376101844
0.4840929507279785
0.5115685799628643
0.4712119652337603
0.4712119652337603
0.5144230769230769
0.513189448441247
0.513189448441247
0.5012285012285013
0.5024630541871921
0.48079370316255826
0.5310024583447146
0.5310024583447146
0.5096153846153846
0.5096153846153846
0.5096153846153846
0.504854254542027
0.504854254542027
0.49508001795702444
0.5049565611635971
0.4937905834135743
0.49277812666054777
0.49277812666054777
0.4953327177045204
0.4953327177045204
0.4917704828589615
0.4917704828589615
0.4975787066893357
0.4975787066893357
0.4975787066893357
0.4975787066893357
0.4975787066893357
0.4975787066893357
0.4975787066893357
0.5000066426645056
0.5000066426645056
0.5013191176870563
0.5013191176870563
0.5013191176870563
0.5013191176870563
0.5013191176870563
0.5013623978201636
0.5027698959600054
0.5027698959600054
0.5363462319429135
0.5254774014010172
0.5254774014010172
0.5254774014010172
0.5254774014010172
0.5254774014010172
0.5254774014010172
0.5254774014010172
0.49162011173184356
0.49162011173184356
0.49162011173184356
0.49162011173184356
0.49162011173184356
0.49162011173184356
0.49705038407385627
0.49705038407385627
0.4969791062643797
0.5031345257951343
0.4699682114773298
0.4699682114773298
0.506484402383456
0.506484402383456
0.47965941343424795
0.47965941343424795
0.47965941343424795
0.47965941343424795
0.47965941343424795
0.47965941343424795
0.47965941343424795
0.47965941343424795
0.4913855860228101
0.4913855860228101
0.4913855860228101
0.4913855860228101
0.4913855860228101
0.4913855860228101
0.4913855860228101
0.4913855860228101
0.4913855860228101
0.4913855860228101
0.4913855860228101
0.4913855860228101
0.4913855860228101
0.4913855860228101
0.4913855860228101
0.4913855860228101
0.4913855860228101
0.4913855860228101
0.4913855860228101
0.4913855860228101
0.4913855860228101
0.4913855860228101
0.4913855860228101
0.4913855860228101
0.4913855860228101
0.4913855860228101
0.500025508902607
0.500025508902607
0.500025508902607
0.500025508902607
0.500025508902607
0.500025508902607
0.500025508902607
0.500025508902607
0.5028234865504888
0.5028234865504888
0.5028234865504888
0.5085714285714286
0.49435198181939716
0.49435198181939716
0.49435198181939716
0.49435198181939716
0.49435198181939716
0.49435198181939716
0.49435198181939716
0.49435198181939716
0.5
0.5
0.5
0.5
0.5
0.5
0.5029585798816568
0.4854155200880572
0.4854155200880572
0.4854155200880572
0.4854155200880572
0.4854155200880572
0.4854155200880572
0.49767525843000954
0.5000231149738801
0.4473917260574369
0.4829789175869307
0.4829789175869307
0.5112902487060871
0.5112902487060871
0.5112902487060871
0.5112902487060871
0.5112902487060871
0.5112902487060871
0.5112902487060871
0.5055555555555555
0.5242223692918597
0.46555518257431644
0.5274177467597209
0.36253669994128007
0.6337084276758184
0.39291361160037686
0.652279763952473
0.378663370892883
0.5435592539041643
0.4881922279062762
0.5276033456512563
0.4659733142350029
0.5488901748144338
0.48422739878384313
0.5150817172010975
0.4530507681447935
0.5398948930520068
0.4852265194570923
0.5081094307511951
0.5049140232353512
0.5614544939041678
0.4648508014004433
0.49101914540644753
0.4951344017260363
0.5803099221339912
0.4337095050691965
0.4337095050691965
0.4337095050691965
0.4931083276557833
0.5090341945735978
0.47471116816431325
0.18337674638882312
0.7814636801461833
0.5183790393984031
0.5308649316594343
0.49935755954880856
0.5180429571838135
0.4829635900219913
0.510206262572065
0.49744555829252163
0.5058482938157165
0.49416130960562865
0.5021977083076222
0.49892941627474274
0.5032304112865101
0.5003656556391537
0.4960429597832123
0.5068448815099507
0.49859918232814626
0.49891946467780357
0.49192551964611547
0.5102377535394811
0.4993191593210383
0.4926044938681687
0.5059044519687489
0.4989000510515642
0.5000021947970141
0.4963039828885255
0.5040579095814924
0.4970593864449556
0.5040427014732657
0.4948573933473263
0.5022080134942482
0.5055046864004953
0.49374498675089296
0.5007429161528708
0.5022112936719639
0.4955839739029342
0.5055126481888865
0.49485685905083754
0.500750822265439
0.5014582525687111
0.5010882698404011
0.4992743105950653
0.5003636363636363
0.5003652269973252
0.5003684315479777
0.5003732973017168
0.4992679610216396
0.4963203030645315
0.5025759574440658
0.5033020734897721
0.49854459858984873
0.49814732734509637
0.5018592863787111
0.49628312792142604
0.503340727800627
0.4981462315874219
0.5026005614785971
0.49963826590238747
0.49588916739149397
0.5059794247463841
0.49401274427745634
0.503367965145334
0.5003773281144662
0.4970065717599207
0.5052455694043425
0.4973805589351541
0.49660606917371414
0.5083231548121648
0.4935482897220784
0.49734881254709346
0.5019131364133059
0.5071896393494952
0.4939307852740064
0.5015343286180222
0.49617096935953425
0.5045876492929444
0.4980901451489686
0.5042536736272235
0.5000736331317448
0.4921270826126258
0.509483542768588
0.4893010631078942
0.5067348165965123
0.49099608471806877
0.5120878960556439
0.4949416342412451
0.5003933910306845
0.505582757085807
0.5009741888818657
0.49180946506900175
0.5058200795844748
0.4958409723399099
0.4958201064892688
0.4960038304298185
0.5021910923270231
0.5047795420624659
0.5015698548438772
0.49570223748354786
0.5066327145722438
0.49106206031883953
0.5112434005604263
0.485345810261033
0.5145714057590517
0.4954292105772362
0.501950954307736
0.5048223322012608
0.4896484695937727
0.5096774528119647
0.48906471794332584
0.4996685341409835
0.500075985837747
0.5039314241279771
0.49883871465922164
0.5011642899985992
0.5015461904232943
0.5027462069715591
0.502473581896122
0.4876366686138484
0.5059856344772546
0.4988198269079465
0.5019663293165536
0.497643989396101
0.49962129601192284
0.5023370513787936
0.5095244139746451
0.49089731263785136
0.49716862718379945
0.5060792606989083
0.48987949878422765
0.5064626733923445
0.5032264464257878
0.49435303896266325
0.5093734025986376
0.489762519547587
0.5032955647501038
0.5075131947874945
0.4813036817450266
0.5240989149411063
0.49098237936197164
0.4825394407700104
0.5215405769326674
0.4819629188877074
0.5163020402690564
0.5045609508891551
0.48310119977560756
0.4918203784147775
0.5106090598262634
0.5173397646400154
0.5044925926578872
0.4773207482653058
0.5119058977925754
0.481698391913122
0.5309598128189138
0.47141640879254487
0.5025426858717578
0.4974383110334162
0.4959830654330061
0.507120963136487
0.49446327313609595
0.5074055394876335
0.5079259839672111
0.485806683435142
0.5086637981160601
0.5007704160246533
0.5
0.5
0.6666666666666666
0.48664688427299707
0.5336174158004529
0.42433125534266
0.5755785576641491
0.4469379942178981
0.5185794920037629
0.49814477076913394
0.5292386001125915
0.48156381991401026
0.5115182527781722
0.48098163006455846
0.5226530441336571
0.4801263490392208
0.523704520396913
0.5103648163316742
0.49516178207446915
0.5073681607855604
0.550026015798685
0.550026015798685
0.550026015798685
0.550026015798685
0.550026015798685
0.550026015798685
0.550026015798685
0.550026015798685
0.5000912982612753
0.5000912982612753
0.5000912982612753
0.5000912982612753
0.5000912982612753
0.5000912982612753
0.5000912982612753
0.5000912982612753
0.5000912982612753
0.5000912982612753
0.50346016618376
0.50346016618376
0.50346016618376
0.50346016618376
0.50346016618376
0.50346016618376
0.50346016618376
0.50346016618376
0.50346016618376
0.50346016618376
0.50346016618376
0.50346016618376
0.50346016618376
0.50346016618376
0.50346016618376
0.50346016618376
0.49811320754716976
0.49811320754716976
0.4980988593155894
0.5038461538461538
0.49615384615384617
0.49615384615384617
0.5019455252918288
0.5019455252918288
0.5019455252918288
0.5019455252918288
0.49803971567908717
0.49803971567908717
0.49803971567908717
0.49803971567908717
0.49803971567908717
0.49803971567908717
0.49803971567908717
0.49803971567908717
0.5021645021645021
0.5021645021645021
0.4978165938864628
0.5
0.5
0.5
0.5
0.5
0.5
0.5
0.5
0.5
0.5
0.5
0.5
0.5
0.5
0.5
0.5
0.5
0.5
0.5021834061135371
0.5021834061135371
0.5021834061135371
0.5021834061135371
0.5021834061135371
0.5021834061135371
0.5
0.5
0.5
0.5063829787234043
0.5063829787234043
0.49591899989668353
0.49591899989668353
0.49591899989668353
0.49591899989668353
0.49591899989668353
0.49591899989668353
0.49591899989668353
0.49591899989668353
0.49591899989668353
0.5
0.5
0.5
0.5059288537549407
0.5059288537549407
0.5059288537549407
0.5059288537549407
0.5059288537549407
0.5059288537549407
0.5059288537549407
0.5059288537549407
0.5059288537549407
0.5019915435994853
0.49606299212598426
0.4980237154150198
0.460447058151817
0.5045069285618189
0.5562782493661118
0.5033301617507137
0.4789759503491078
0.46926734765762596
0.5351798790194205
0.5351798790194205
0.4852451741735079
0.5311019892642881
0.47927119091629256
0.5134126843133772
0.45777128048375315
0.5236661173930337
0.49710053116319863
0.49710053116319863
0.4953108328185544
0.5123209908398916
0.5123209908398916
0.4975619464623345
0.5086535640950426
0.4877403933215024
0.5134095979493996
0.5134095979493996
0.5084337349397591
0.5084337349397591
0.5084337349397591
0.5048839395129149
0.5048839395129149
0.49259900507218113
0.5074500049256231
0.49377189810600863
0.49025015013910844
0.5134048730033732
0.5134048730033732
0.5094841300744267
0.5094841300744267
0.48196789660204287
0.48196789660204287
0.48196789660204287
0.48196789660204287
0.48196789660204287
0.48196789660204287
0.48196789660204287
0.4974685034734487
0.4974685034734487
0.5000067116796649
0.5000067116796649
0.5000067116796649
0.5000067116796649
0.5000067116796649
0.498659675376322
0.5000074652492646
0.5000074652492646
0.5000074652492646
0.5286157316041725
0.49761337874938766
0.49761337874938766
0.49761337874938766
0.49761337874938766
0.49761337874938766
0.49761337874938766
0.49761337874938766
0.49723898805701816
0.49723898805701816
0.49723898805701816
0.49723898805701816
0.49723898805701816
0.49723898805701816
0.5000358590024025
0.5000358590024025
0.49075050321096514
0.5062596433663406
0.5062596433663406
0.5062596433663406
0.5092378752886837
0.5092378752886837
0.4813411704973735
0.4813411704973735
0.4813411704973735
0.4813411704973735
0.4813411704973735
0.4813411704973735
0.4813411704973735
0.4813411704973735
0.4912266515727339
0.4912266515727339
0.4912266515727339
0.4912266515727339
0.4912266515727339
0.4912266515727339
0.4912266515727339
0.4912266515727339
0.4912266515727339
0.4912266515727339
0.4912266515727339
0.4912266515727339
0.4912266515727339
0.4912266515727339
0.4912266515727339
0.4912266515727339
0.4912266515727339
0.4912266515727339
0.4912266515727339
0.4912266515727339
0.4912266515727339
0.4912266515727339
0.4912266515727339
0.4912266515727339
0.4912266515727339
0.4912266515727339
0.5025380710659898
0.5025380710659898
0.5025380710659898
0.5025380710659898
0.5025380710659898
0.5025380710659898
0.5025380710659898
0.5025380710659898
0.4972986247544204
0.4972986247544204
0.4972986247544204
0.49720817184523425
0.5029923830250272
0.5029923830250272
0.5029923830250272
0.5029923830250272
0.5029923830250272
0.5029923830250272
0.5029923830250272
0.5029923830250272
0.5
0.5
0.5
0.5
0.5029239766081871
0.5058823529411764
0.47967369136641735
0.5201260752511656
0.5201260752511656
0.5201260752511656
0.5201260752511656
0.5201260752511656
0.5201260752511656
0.49767525843000954
0.5000231149738801
0.4473917260574369
0.48449707031249994
0.48449707031249994
0.48449707031249994
0.48449707031249994
0.48449707031249994
0.48449707031249994
0.48449707031249994
0.48449707031249994
0.5013925890046016
0.5000308661028459
0.5222866939206119
0.471848548284336
0.45085694892245043
0.543718457708095
0.4529123571039738
0.5453020134228188
0.503086018043444
0.4858230613200187
0.4979256689044299
0.5396791609420052
0.47515095666513085
0.4836934985946644
0.5256242002690378
0.5093009594673976
0.49589873716511274
0.46331464524279375
0.5422236147234354
0.4817227385013528
0.5122449583937931
0.5065219053444453
0.5589681217011044
0.46485331950349046
0.49833647175904694
0.48823107599793686
0.5681718544498027
0.4456010266647655
0.4456010266647655
0.4456010266647655
0.4852545444560382
0.5118996105581999
0.4712482468443198
0.18236357065413808
0.7855987678090104
0.5203995743802309
0.5245767933108406
0.5049163595123335
0.5096829956889681
0.49583706841126496
0.4985814422977487
0.5022767562306649
0.5040164234664758
0.49420769309357326
0.5050583165482989
0.4982109655658302
0.5042999850167588
0.4967700826383021
0.5000005190647284
0.5061823356747858
0.4927094042486796
0.5040437907147866
0.4930260659416536
0.5087969730845301
0.49523165487584964
0.49779790227790854
0.5055126481888865
0.49779954509407487
0.49963045410151957
0.49851687243341886
0.49963700613153494
0.5000086506686967
0.5025651602258372
0.4974369865526262
0.5029282325779808
0.5007482702324497
0.4985294407279268
0.49483996573815914
0.50772420315244
0.49485143389921177
0.5018422991893884
0.49744338933528126
0.5032843882574348
0.4996368948778821
0.4967325589150381
0.5036252705582308
0.500365202538079
0.5033111456095953
0.49120302691546996
0.5069551247724109
0.500769357853443
0.49408358798796037
0.5040677161859134
0.49963647847985504
0.4962957834244962
0.5059262730156779
0.49554735960135426
0.5011169024571854
0.4985185185185185
0.5022211167165606
0.4996309995471108
0.5003722975384304
0.5033831309399865
0.4921207028799336
0.506375225638113
0.4936416055533785
0.5052248997949188
0.5000089108293309
0.4992548703564466
0.5011377715136567
0.4954689362867297
0.5026415094339622
0.5034013605442177
0.4965986394557823
0.49886104783599083
0.504187674486437
0.49542225288556563
0.5042109752496824
0.4919831006775848
0.5126019649572899
0.48849883569041735
0.5147536105641922
0.4882869520322798
0.5023828299970348
0.49920698310551237
0.499601593625498
0.49565217391304345
0.5075019886441562
0.4913515199833617
0.5133786219326216
0.4897219958344653
0.5129258874432021
0.4813282387958878
0.5204503897603695
0.4847580578682714
0.5041798515660659
0.488913437586304
0.5082340206402254
0.49724777626920785
0.5027898418284213
0.5000097353683498
0.5046752440128005
0.4872586186399667
0.5145780519622336
0.4882046467421226
0.5098546838112265
0.4947176921429516
0.5095116131433199
0.4931408428568222
0.5066882483402694
0.49734897507619086
0.4972038051311617
0.495528201437326
0.5012329335183933
0.49644736017436397
0.49856837356637057
0.5096751367691056
0.4942199930860877
0.5038514464110256
0.49846213199747696
0.5109896024198533
0.48502241233446924
0.502803247313711
0.5019644790615881
0.4980429027146516
0.50628916868132
0.4964707299597067
0.4940580802795841
0.5039644217292902
0.509930955149481
0.48564146199270564
0.5060073230185523
0.50000253561268
0.5000025518406427
0.4956200979081863
0.5173752203133776
0.4804319590803797
0.5070018713933178
0.49959452419696987
0.49631720134154295
0.5162149288442982
0.4765729941642807
0.5328789134418329
0.4606549995497253
0.5119805529665784
0.5143209956872224
0.48306195800922186
0.5093237911367894
0.506488926913583
0.4807231181531806
0.5028620367091304
0.5102780160994909
0.515822626883217
0.49812441605890306
0.4676877603117023
0.5267644263497314
0.48733244857332453
0.505528122202024
0.5000552845078988
0.4789559476473356
0.5190686419625964
0.4840229339371143
0.5133764017025689
0.4886206718106968
0.5094494627255812
0.5083306733154547
0.48458871509163604
0.5071607965621392
0.5026902382782475
0.5
0.5003825554705432
0.5046445490899666
0.49032987133629247
0.5046439628482972
0.4984709480122324
0.5065327011718841
0.4973397760913053
0.49531260299456303
0.5066572062649427
0.49608213056583994
0.5044041506570438
0.497227467087121
0.5004274253067639
0.5016910140112589
0.49335849764636414
0.4987981788102107
0.4992513269515654
0.516337780512418
0.4855983617013397
0.5135612788379783
0.4937730458535012
0.50557956422022
0.4787524474883903
0.5126251352922473
0.4903296066407419
0.5157855382314658
0.4912158302351498
0.5031198066053235
0.49821827171556343
0.5119713394137517
0.4861703655883457
0.5114582977014992
0.48321296511349265
0.5015699213226497
0.504708964797841
0.490000863380966
0.4920029452548411
0.5111200154674272
0.49556547268320933
0.5098649728098561
0.5057440424233123
0.4915720573245715
0.5053539843604543
0.5007668426963163
0.5122429979517921
0.4743996780396191
0.5285720759505143
0.4803861549328938
0.543415353690193
0.43335706804945334
0.5100902438913056
0.5321173008760783
0.4740218016210306
0.5232917740075392
0.4803776549750468
0.5319081179125764
0.4885512451982804
0.4920088872575626
0.5027787898966801
0.4833736272520845
0.5067820920423737
0.47767405957297804
0.5294442594943424
0.4773198393607681
0.5312230988140692
0.4751507762941632
0.5241639474456588
0.48552846459164706
0.504340358111935
0.4856651249659919
0.5063144797735739
0.4938293156966314
0.5094540435893469
0.5066461242896975
0.4880285157435912
0.5155686908890228
0.4821493180575678
0.5206324242877427
0.47571191449738875
0.5256722287258138
0.47603060139374304
0.5056003688223457
0.5096907197290169
0.4804792561671677
0.5219052208740931
0.5020013207369173
0.4768398129175127
0.510990478930634
0.5050510919115927
0.48837056989851163
0.5203167366658733
0.49262037157998173
0.48034909020535305
0.5273461346927633
0.47896250148122615
0.5119505651521977
0.4832969236506374
0.5177684380812128
0.49035651247190964
0.5080675633494411
0.5086165481485005
0.49590210314276867
0.4927361965442679
0.5107319994885358
0.4698972276452423
0.5225593230376117
0.49301685927102934
0.5180120514960793
0.4818271558363985
0.5040120430693675
0.5075632558063424
0.4904109273447279
0.5113128233675224
0.47906389529607263
0.5195749960235406
0.4873042483754803
0.504782614645288
0.5043192183052116
0.48301215076232495
0.5199000801595735
0.48564665454179873
0.5057130897885755
0.5081504856762488
0.4929353008248262
0.500008910829331
0.4963484827956943
0.5113926348155463
0.49115146093890616
0.5003918802413982
0.5018374189894517
0.5051551719126296
0.4926197148682392
0.5014885597898504
0.4956633030934998
0.5108761605707237
0.49382931013980663
0.5010978276935336
0.5000005359188919
0.5000005374916554
0.49963316214233305
0.5029542097488922
0.49778981843759623
0.5018776898785325
0.4906924513476636
0.5085256469127056
0.5000136368644812
0.4951883010360285
0.5066619915848527
0.49517947360292985
0.5041063842337995
0.5027140705374145
0.48672311502793614
0.5098239636570131
0.49737491059805106
0.5037827135515813
0.4939401834875022
0.5091464014965049
0.49273384183059016
0.5094067693800801
0.48273670206213504
0.5059486657975213
0.4996511962396742
0.5041686308378897
0.5100983309385879
0.4879776846610233
0.49072892453075123
0.5123473685452379
0.4958065465082073
0.5022871627696538
0.49546885707300214
0.5105940858031126
0.49088255564114
0.5030540125088448
0.49659406892854385
0.5098846540544031
0.49391410846054545
0.49121707065662096
0.5160141976148844
0.497080425408364
0.49215664772006174
0.5094937143213651
0.4928577889146361
0.49920064411492715
0.502803503288503
0.5020412082707215
0.4907118782181955
0.5133351527030044
0.49230769230769234
0.4871794871794872
0.4995121951219512
0.508541260903292
0.504043258715315
0.5054805515800381
0.4970981845079603
0.502272876414917
0.5051197419608432
0.48303188158743693
0.5186081828907563
0.4911079692505918
0.5036775643994175
0.48905700451599
0.5060754505899426
0.49679232011872276
0.510095407144442
0.482240674185153
0.5246921097601697
0.4845304903912036
0.4987579737805278
0.4935341474666223
0.5081439623066125
0.4921513442369304
0.506707741470825
0.5081552855578964
0.4875414667871504
0.5124791790618928
0.48866377939269373
0.5105926152088484
0.4828464485295823
0.5201524786185139
0.4926853228709359
0.511429290736597
0.4650844162156907
0.5136865872405841
0.5173016491129566
0.48267342471228347
0.5239679258862827
0.4746482093295158
0.5055386185388135
0.5008039745547928
0.5173632799970288
0.4851960535405363
0.5214252113388345
0.45993616663866954
0.5326785825755841
0.4751182802077141
0.5274601466992664
0.488830826835641
0.4861404472430957
0.508391966157079
0.4983740229404738
0.5073646603271044
0.48774279113544966
0.5167548218197361
0.477584345712601
0.5174006323249833
0.5092760040116746
0.4783760407280966
0.5210787770605921
0.49214576296920376
0.47105339028138166
0.52328600245008
0.5249372506070099
0.45386145215432017
0.5266330404705611
0.5013762824134289
0.5086232944480321
0.4569289737452988
0.5144589024488806
0.5291346770721006
0.49584707230105735
0.48918541738539095
0.5492964955946996
0.43872510749145976
0.5281043814406091
0.46228432108027007
0.5108550064640864
0.5156863416312787
0.48775271298413153
0.5112637067723026
0.4986366928440575
0.5108808907147748
0.4587180596369277
0.5298781119436483
0.4866039067028094
0.5081016894262428
0.5100102587966537
0.4921359989640054
0.489676086843941
0.5016956261832647
0.5127783783783784
0.5050937868916969
0.48534465332524757
0.4918014826717307
0.5433933790063719
0.4594929073736349
0.5196794868981418
0.5057059748308257
0.4763362584125321
0.504648805576064
0.48895917394388305
0.5303552717724554
0.4816475025685053
0.5189384500373785
0.5018705270006506
0.47778401822209743
0.5047204486263968
0.5108627417190827
0.49592465133128055
0.4936471150768709
0.5034697535035403
0.49404782993799823
0.5299935670633644
0.45657845695117405
0.5280294020334618
0.46680485329956717
0.5597491976598777
0.4362698092842484
0.5564090416078459
0.4313741880015285
0.5745017584994139
0.44628975092034157
0.5464233106844125
0.4394970351094236
0.620320479370533
0.3412725827601356
0.577008766100193
0.5043856246893575
0.49525578121064817
0.4956304619225968
0.5025316455696203
0.4425739084586751
0.5559363162330626
0.4969367143548737
0.5333497849538179
0.44889846423702795
0.58104361641126
0.4180045248728349
0.5555784330832315
0.42940643633562525
0.5514059392359921
0.4691809989106394
0.5660412559842298
0.4024047417442845
0.5514971197062734
0.5120591443461399
0.48687194696441033
0.4877689272686667
0.5574851338349185
0.42985453829775816
0.5688285461142102
0.42587928179626444
0.5948297185605261
0.36171991261121494
0.6338956149416801
0.3622802250775676
0.5708613784623287
0.5108652341865859
0.4870706786341205
0.5605869871757804
0.3935770413392552
0.6355932203389831
0.3350244609530712
0.5872
0.5140056022408963
0.42994922407821345
0.5495391102824584
0.48232286657783446
0.5097183482582891
0.5205594421564672
0.4836648884937393
0.5004262859921014
0.5065334219146724
0.5144648555299831
0.48818525837500676
0.5328787699478376
0.455817621450241
0.5789288426980863
0.36126598072904803
0.5803515379786566
0.49511156850820975
0.5133509879812589
0.5088463106400326
0.4688715366758117
0.5376282474026185
0.4753959207430941
0.48111880960294534
0.5706274525778375
0.429717446505685
0.5610468424047031
0.3878885811018775
0.5684177309793892
0.4536636909196819
0.615835169107166
0.36771752837326604
0.6305125148986889
0.3170570768723194
0.6651412760070239
0.41225902620074234
0.5221136028438528
0.5498443610822891
0.4799851856424185
0.5501501902409719
0.39192192482365446
0.6358623731804146
0.3572710156163473
0.6149181322013342
0.33407572383073497
0.6454171114839103
0.4231466967257868
0.5719236809328688
0.4015472494296448
0.6244574846795298
0.3965874106412955
0.6058127392969023
0.3376313010615239
0.6041993662451506
0.49124126005563484
0.5244771585465592
0.45738837585363573
0.5561855951147702
0.4074609981321196
0.6069175097941102
0.42281955456795106
0.5525025307968394
0.45273241206030157
0.581537687599564
0.36930288221801133
0.5950990799716914
0.4413449536376605
0.5608033546678438
0.46460176991150437
0.5429661207089971
0.4512926279437862
0.5479229989868287
0.4627159413951454
0.5481960068138918
0.42534102048615147
0.5761151920728036
0.41457914517961714
0.5776455368693403
0.4439936775553214
0.5952347805334023
0.34855866397191787
