2
1.0
1.1615853658536586
1.020997375328084
1.1516709511568124
1.0424107142857142
0.9657387580299786
1.0931263858093125
0.9959432048681541
1.1079429735234216
0.9283088235294118
1.0693069306930694
0.8870370370370371
1.1231732776617953
0.8996282527881041
1.1756198347107438
0.984182776801406
1.0839285714285714
0.9752883031301482
0.9763513513513513
0.9134948096885813
1.1079545454545454
0.7538461538461538
0.9705215419501134
0.9392523364485982
0.9701492537313433
0.9666666666666667
0.986737400530504
0.9865591397849462
0.997275204359673
0.994535519125683
0.9807692307692307
0.9803921568627451
0.9914285714285714
0.9884726224783862
0.9883381924198251
0.9734513274336283
0.9818181818181818
0.9691358024691358
0.964968152866242
0.9570957095709571
0.9413793103448276
0.9633699633699634
0.9809885931558935
0.9689922480620154
0.96
0.975
0.9914529914529915
0.9741379310344828
0.9778761061946902
0.9728506787330317
0.9674418604651163
0.9663461538461539
0.9751243781094527
0.9642857142857143
0.9788359788359788
0.9945945945945946
0.9510869565217391
0.9942857142857143
0.9770114942528736
0.9823529411764705
0.9940119760479041
0.9819277108433735
0.9877300613496932
0.9875776397515528
0.9811320754716981
0.9871794871794872
1.0
0.9805194805194806
0.9933774834437086
0.9866666666666667
0.9864864864864865
1.0
0.9863013698630136
0.9930555555555556
0.993006993006993
0.9859154929577465
0.9857142857142858
0.9927536231884058
0.9854014598540146
1.0
0.9925925925925926
0.9925373134328358
1.0
1.0
1.0
1.0075187969924813
0.9925373134328358
0.9924812030075187
1.0
1.0
1.0
1.0
1.0
0.9924242424242424
0.9923664122137404
0.9846153846153847
0.984375
1.0
0.9841269841269841
0.9919354838709677
1.0
0.991869918699187
0.9918032786885246
0.9917355371900827
1.0
0.9916666666666667
1.0168067226890756
0.9834710743801653
0.9915966386554622
0.9830508474576272
1.0
1.0
0.9913793103448276
1.0
1.0
1.0
1.0
0.991304347826087
1.0
1.0
1.0
1.0
1.0
1.0
0.9912280701754386
0.9911504424778761
1.0089285714285714
1.0
1.0
1.0
1.0
1.0
1.008849557522124
1.0
1.0
1.0
1.0
1.0
1.0
1.0
1.0
1.0
1.0
1.0087719298245614
1.0
1.0
1.0
1.0
1.008695652173913
1.0
1.0
1.0
1.0172413793103448
1.0
1.0084745762711864
1.0252100840336134
0.9836065573770492
1.025
1.0
1.0
0.991869918699187
0.9918032786885246
0.9917355371900827
0.9916666666666667
0.9915966386554622
1.0
1.0254237288135593
0.9917355371900827
1.0
1.0333333333333334
1.0
1.0
1.0
1.0
0.9919354838709677
0.991869918699187
0.9918032786885246
1.0
1.0082644628099173
1.1475409836065573
1.0214285714285714
1.1748251748251748
0.9285714285714286
0.9358974358974359
0.9931506849315068
1.1241379310344828
0.9693251533742331
1.0126582278481013
1.08125
0.9595375722543352
1.0060240963855422
0.9940119760479041
1.0542168674698795
1.0114285714285713
1.1299435028248588
0.96
1.109375
0.9671361502347418
0.9854368932038835
0.9556650246305419
1.0309278350515463
1.025
0.9658536585365853
1.0505050505050506
0.9855769230769231
1.0341463414634147
0.9764150943396226
1.0096618357487923
0.9569377990430622
1.02
0.9901960784313726
0.9851485148514851
1.0050251256281406
0.98
1.010204081632653
1.0404040404040404
1.0
1.0388349514563107
0.9532710280373832
1.0196078431372548
0.9759615384615384
1.019704433497537
0.9758454106280193
1.0198019801980198
0.9854368932038835
0.9901477832512315
0.9850746268656716
0.9797979797979798
0.9896907216494846
1.0052083333333333
0.9896373056994818
0.9947643979057592
0.9789473684210527
1.0
0.989247311827957
0.9891304347826086
1.0
1.1483516483516483
1.076555023923445
0.9244444444444444
0.9375
0.9846153846153847
0.9739583333333334
0.9893048128342246
0.9837837837837838
0.9945054945054945
0.9779005524861878
0.9717514124293786
0.9883720930232558
1.0176470588235293
0.9884393063583815
0.9824561403508771
0.9821428571428571
0.9818181818181818
0.9814814814814815
0.9874213836477987
0.9745222929936306
1.1045751633986929
0.9644970414201184
0.9631901840490797
0.9808917197452229
0.961038961038961
1.0608108108108107
0.9617834394904459
1.0927152317880795
0.9333333333333333
0.9675324675324676
0.9731543624161074
0.9586206896551724
0.9568345323741008
0.9548872180451128
0.9921259842519685
1.007936507936508
0.952755905511811
0.9917355371900827
0.9916666666666667
0.9915966386554622
0.9830508474576272
1.0
0.9827586206896551
0.9736842105263158
0.9819819819819819
0.9908256880733946
0.9814814814814815
0.9716981132075472
0.9805825242718447
1.0
0.9702970297029703
1.0
1.0
0.9897959183673469
1.0
1.0
1.0
0.979381443298969
0.9894736842105263
0.9893617021276596
0.989247311827957
0.967391304347826
1.0112359550561798
0.9888888888888889
0.9887640449438202
0.9772727272727273
0.9883720930232558
0.9882352941176471
1.0
1.0
1.0
0.9761904761904762
1.0
1.0
1.1585365853658536
0.8947368421052632
1.0
0.9764705882352941
0.9518072289156626
1.0
1.0
0.9873417721518988
1.0384615384615385
1.0246913580246915
1.0
0.9879518072289156
0.9878048780487805
1.0740740740740742
0.9885057471264368
1.1046511627906976
1.1368421052631579
0.9814814814814815
0.9622641509433962
0.9901960784313726
0.9900990099009901
0.92
1.25
1.373913043478261
1.1139240506329113
1.1022727272727273
0.9896907216494846
0.9947916666666666
1.0
0.9790575916230366
0.9679144385026738
0.988950276243094
1.0
0.9832402234636871
0.8977272727272727
1.0316455696202531
1.3987730061349692
1.013157894736842
0.8528138528138528
0.8934010152284264
1.1022727272727273
1.134020618556701
1.2545454545454546
1.065217391304348
1.2312925170068028
0.9502762430939227
0.9127906976744186
0.9681528662420382
0.9506578947368421
0.8858131487889274
1.09375
0.8821428571428571
1.0850202429149798
0.8880597014925373
1.0336134453781514
0.9227642276422764
1.1013215859030836
0.928
1.1336206896551724
0.9619771863117871
0.9683794466403162
1.0040816326530613
1.0406504065040652
1.01171875
1.0694980694980696
1.0577617328519855
1.006825938566553
0.9932203389830508
1.0034129692832765
1.0170068027210883
1.040133779264214
0.9935691318327974
1.0032362459546926
1.0903225806451613
1.0355029585798816
0.9771428571428571
0.9707602339181286
1.0120481927710843
0.9523809523809523
1.04375
0.9790419161676647
1.0611620795107033
0.9250720461095101
1.1246105919003115
0.8033240997229917
1.0275862068965518
0.9463087248322147
0.9716312056737588
0.9343065693430657
1.0
0.921875
0.8559322033898306
0.9554455445544554
0.9326424870466321
0.9333333333333333
0.8511904761904762
0.972027972027972
0.841726618705036
0.9401709401709402
0.9636363636363636
1.0
0.9716981132075472
0.9514563106796117
0.9489795918367347
0.946236559139785
0.8863636363636364
0.9743589743589743
0.9736842105263158
1.027027027027027
5.434210526315789
1.242130750605327
1.2358674463937622
1.0063091482649842
1.0595611285266457
0.9763313609467456
1.0303030303030303
0.9897058823529412
1.0208023774145616
1.0058224163027656
1.0072358900144718
0.9971264367816092
1.0086455331412103
0.9985714285714286
0.9871244635193133
1.010144927536232
0.9985652797704447
1.0014367816091954
0.9971305595408895
1.0100719424460431
0.9829059829059829
1.0043478260869565
0.9841269841269841
1.0043988269794721
0.9985401459854014
0.9780701754385965
1.0224215246636772
1.0087719298245614
1.0043478260869565
0.9971139971139971
0.9927641099855282
0.9941690962099126
0.9912023460410557
1.0014792899408285
1.017725258493353
0.9840348330914369
1.0147492625368733
1.0087209302325582
0.9913544668587896
0.9956395348837209
1.0014598540145985
0.9912536443148688
0.9911764705882353
1.013353115727003
1.0102489019033676
1.0028985507246377
1.004335260115607
0.9913669064748202
1.0101596516690856
0.9971264367816092
0.9956772334293948
0.9985528219971056
1.0043478260869565
0.9927849927849928
1.007267441860465
0.987012987012987
0.9853801169590644
1.0207715133531157
1.001453488372093
0.9970972423802612
0.9970887918486172
0.997080291970803
1.0014641288433381
0.9985380116959064
1.0087847730600292
0.9927431059506531
1.0014619883040936
0.9941605839416059
0.9970631424375918
1.0073637702503682
0.9897660818713451
1.0
0.9940915805022157
1.0059435364041605
0.9896602658788775
1.019402985074627
1.0014641288433381
0.9868421052631579
1.0
1.0074074074074073
0.9926470588235294
0.9896296296296296
1.0194610778443114
0.986784140969163
0.9866071428571429
1.0060331825037707
1.0134932533733134
1.0014792899408285
1.0059084194977843
0.9794419970631424
0.9985007496251874
1.0045045045045045
0.9970104633781763
0.9940029985007496
1.004524886877828
0.984984984984985
1.0198170731707317
0.9790732436472347
1.0
1.0061068702290077
0.9878603945371776
0.9907834101382489
1.012403100775194
0.9846860643185299
1.0202177293934682
0.9847560975609756
1.0123839009287925
0.9785932721712538
1.0109375
0.9629057187017002
1.0256821829855538
0.9812206572769953
1.022328548644338
0.9656786271450858
1.0258481421647818
1.0173228346456693
1.0046439628482973
1.007704160246533
1.0015290519877675
1.016793893129771
0.9924924924924925
1.0121028744326777
0.9895366218236173
1.013595166163142
0.9940387481371088
1.0104947526236883
0.9970326409495549
1.0193452380952381
0.9883211678832117
1.0059084194977843
0.9985315712187959
1.0044117647058823
0.9809663250366032
0.9880597014925373
0.9909365558912386
0.9832317073170732
1.0031007751937984
0.9922720247295209
1.0
1.0124610591900312
1.003076923076923
1.01840490797546
1.0045180722891567
1.0059970014992503
1.0089418777943369
0.982274741506647
1.0075187969924813
0.9970149253731343
0.9940119760479041
1.0030120481927711
0.9864864864864865
1.0091324200913243
0.9864253393665159
1.0152905198776758
1.0060240963855422
1.0
1.0059880239520957
0.9776785714285714
1.0015220700152208
0.9878419452887538
0.9907692307692307
1.0093167701863355
1.0276923076923077
0.9955089820359282
0.9954887218045113
0.9682779456193353
1.0249609984399375
1.0121765601217656
0.9834586466165414
1.029051987767584
1.0014858841010401
0.9985163204747775
0.9925705794947994
0.9595808383233533
1.0109204368174727
1.0046296296296295
0.9815668202764977
1.0046948356807512
1.0093457943925233
0.9830246913580247
0.9937205651491365
0.9478672985781991
1.0833333333333333
0.9676923076923077
1.012718600953895
0.9733124018838305
0.9112903225806451
1.1557522123893806
0.9632465543644717
1.0095389507154213
0.9637795275590552
0.9869281045751634
1.0711920529801324
1.035548686244204
0.9925373134328358
0.9699248120300752
0.9674418604651163
0.9935897435897436
1.0274193548387096
1.0188383045525902
1.024653312788906
0.9969924812030075
0.995475113122172
0.9409090909090909
1.0128824476650564
0.9507154213036566
1.0568561872909699
0.9873417721518988
1.001602564102564
0.9392
1.0579216354344123
0.9806763285024155
1.0049261083743843
0.9705882352941176
1.037037037037037
1.0032467532467533
1.0048543689320388
1.0193236714975846
1.0221169036334914
1.007727975270479
1.0076687116564418
1.0106544901065448
1.0060240963855422
1.0089820359281436
1.0
1.010385756676558
1.0058737151248165
0.997080291970803
0.9912152269399708
1.0088626292466765
0.972181551976574
0.9969879518072289
1.0151057401812689
0.9821428571428571
1.018181818181818
1.005952380952381
0.9807692307692307
1.0015082956259427
0.9819277108433735
1.01840490797546
0.983433734939759
1.010719754977029
1.0015151515151515
0.9969742813918305
0.9939301972685888
1.016793893129771
0.990990990990991
1.009090909090909
0.993993993993994
1.0196374622356494
0.9911111111111112
1.0
0.9775784753363229
0.9969418960244648
0.9723926380368099
1.0189274447949528
0.9287925696594427
1.0516666666666667
0.9667194928684627
1.042622950819672
0.9795597484276729
1.0465489566613162
0.9677914110429447
1.0221870047543582
0.9627906976744186
1.0289855072463767
0.9812206572769953
1.0127591706539074
0.9811023622047244
1.0
0.9518459069020867
1.0472175379426645
0.961352657004831
1.031825795644891
0.939935064935065
1.067357512953368
0.9045307443365695
1.112701252236136
0.9453376205787781
1.0901360544217686
0.9578783151326054
1.017915309446254
1.0112
1.0
1.0110759493670887
0.9859154929577465
1.046031746031746
0.9863429438543247
1.0138461538461538
0.9863429438543247
1.0184615384615385
0.9622356495468278
1.021978021978022
1.0092165898617511
0.9512937595129376
1.0432
0.9524539877300614
1.0450885668276972
0.9429892141756548
1.0718954248366013
0.9420731707317073
1.0372168284789645
0.984399375975039
0.9889064976228209
1.0288461538461537
0.9439252336448598
1.0478547854785478
0.9338582677165355
1.0354131534569984
0.9478827361563518
1.0893470790378006
0.917981072555205
1.077319587628866
0.9585326953748007
1.054908485856905
0.9369085173501577
1.0218855218855218
0.9818780889621087
1.0016778523489933
0.9631490787269682
1.08
0.9404186795491143
1.0565068493150684
0.9724473257698542
1.0183333333333333
0.9574468085106383
1.064957264957265
0.956661316211878
1.0553691275167785
0.8918918918918919
1.1229946524064172
0.8873015873015873
1.1073345259391771
1.001615508885299
0.9403225806451613
1.039451114922813
0.9917491749174917
0.978369384359401
1.0595238095238095
1.0481540930979134
1.001531393568147
0.9740061162079511
0.9372056514913658
1.0586264656616415
0.9319620253164557
1.0899830220713074
0.8629283489096573
1.0667870036101084
0.9390862944162437
1.0918918918918918
0.9702970297029703
1.086734693877551
0.9827856025039123
1.0111464968152866
1.0251968503937008
1.0138248847926268
1.009090909090909
0.9744744744744744
0.9599383667180277
1.043338683788122
0.9969230769230769
1.0200617283950617
1.0121028744326777
0.9656203288490284
1.0154798761609907
0.9832317073170732
1.0217054263565892
0.9984825493171472
1.0045592705167172
0.9848714069591528
1.010752688172043
0.9787234042553191
1.031055900621118
0.983433734939759
1.006125574272588
1.0152207001522071
1.0299850074962518
0.9868995633187773
1.0132743362831858
0.9941775836972343
1.0175695461200585
0.9856115107913669
0.997080291970803
1.0131771595900438
1.0014450867052023
0.9985569985569985
0.9985549132947977
0.9855282199710564
1.0014684287812041
1.0087976539589443
0.997093023255814
0.9985422740524781
0.9956204379562044
0.998533724340176
1.0102790014684289
0.9898255813953488
1.0
1.0029368575624082
0.9956076134699854
1.011764705882353
0.9869186046511628
0.9985272459499264
0.9749262536873157
1.021180030257186
0.9896296296296296
1.0104790419161678
0.9718518518518519
1.0182926829268293
0.9715568862275449
1.0184899845916795
0.9636913767019667
1.0408163265306123
0.9366515837104072
1.067632850241546
0.9532428355957768
1.0411392405063291
0.9665653495440729
1.028301886792453
0.9648318042813455
1.0301109350237718
0.9692307692307692
1.0238095238095237
1.012403100775194
1.0199081163859112
0.996996996996997
1.0045180722891567
1.025487256371814
0.9839181286549707
1.0029717682020802
0.9985185185185185
1.0014836795252227
1.0
0.9851851851851852
1.0300751879699248
0.9941605839416059
0.9970631424375918
1.0029455081001473
0.986784140969163
1.0089285714285714
0.9896755162241888
1.0059612518628913
1.0222222222222221
1.0115942028985507
0.997134670487106
0.9841954022988506
1.0116788321167882
0.9927849927849928
1.0
0.9796511627906976
1.0014836795252227
0.997037037037037
1.0044576523031203
0.9822485207100592
1.016566265060241
0.9822222222222222
1.0015082956259427
0.9864457831325302
1.0259541984732825
0.9866071428571429
0.9939668174962293
1.0
1.007587253414264
1.0
1.0225903614457832
0.9720176730486009
1.0121212121212122
1.0089820359281436
0.9554896142433235
1.0232919254658386
0.9878603945371776
1.0061443932411673
1.0061068702290077
0.9650986342943855
1.0393081761006289
0.9606656580937972
1.031496062992126
0.9847328244274809
1.0046511627906978
0.9783950617283951
1.0520504731861198
0.9370314842578711
1.0656
0.9369369369369369
1.016025641025641
1.053627760252366
0.9835329341317365
1.0030441400304415
0.9833080424886191
1.0092592592592593
0.9831804281345565
1.0248833592534992
0.9757207890743551
1.009331259720062
0.9830508474576272
0.9937304075235109
0.9652996845425867
1.0163398692810457
0.954983922829582
1.0101010101010102
1.0183333333333333
0.9950900163666121
1.006578947368421
0.9493464052287581
1.0413080895008606
0.9603305785123967
1.0034423407917383
1.0480274442538593
1.0
1.0294599018003274
0.9952305246422893
1.0
0.9840255591054313
1.0178571428571428
0.9744816586921851
0.9983633387888707
0.9967213114754099
1.0
0.9802631578947368
1.0184563758389262
0.9868204283360791
1.01669449081803
0.9507389162561576
1.0207253886010363
0.9560067681895094
1.047787610619469
0.9746621621621622
1.025996533795494
0.9915540540540541
1.0170357751277683
0.9715242881072027
1.0413793103448277
0.9817880794701986
1.0438448566610454
1.0
0.9854604200323102
1.019672131147541
0.9453376205787781
1.0391156462585034
0.9541734860883797
1.0034305317324186
1.0085470085470085
0.9949152542372881
1.020442930153322
0.988313856427379
1.0337837837837838
1.0130718954248366
1.0129032258064516
0.9968152866242038
0.9952076677316294
1.0128410914927768
0.9952456418383518
1.0127388535031847
0.9764150943396226
0.9694041867954911
1.0249169435215948
0.9497568881685575
1.0699658703071673
0.9553429027113237
1.0283806343906512
0.9090909090909091
1.1267857142857143
0.9952456418383518
1.0414012738853504
0.9908256880733946
1.0123456790123457
0.9115853658536586
1.0250836120401339
0.8531810766721044
1.1969407265774379
0.9552715654952076
1.0585284280936456
0.9541864139020537
0.9966887417218543
0.9916943521594684
0.9581239530988275
1.0017482517482517
1.0209424083769634
0.9162393162393162
1.0951492537313432
0.9352640545144804
1.0673952641165756
0.8924914675767918
1.1548757170172084
1.0082781456953642
0.9211822660098522
1.0641711229946524
1.0770519262981575
0.973561430793157
0.9936102236421726
0.9453376205787781
1.022108843537415
1.0632279534109816
1.0109546165884193
0.9195046439628483
1.0117845117845117
0.961730449251248
0.9342560553633218
0.9685185185185186
1.0019120458891013
1.001908396946565
1.041904761904762
1.0292504570383911
1.0355239786856127
1.0257289879931388
1.0
0.9882943143812709
1.0744500846023688
0.9968503937007874
1.0031595576619274
0.9653543307086614
0.9510603588907015
1.0445969125214407
1.0098522167487685
0.991869918699187
1.0245901639344261
1.0064
0.9713831478537361
1.0507364975450082
0.9610591900311527
0.9773095623987034
1.0082918739635158
0.9736842105263158
1.0489864864864864
0.9774557165861514
0.9802306425041186
1.0235294117647058
0.9244663382594417
1.0515097690941386
0.9527027027027027
1.076241134751773
0.9308072487644151
1.129203539823009
0.9435736677115988
0.9833887043189369
0.9966216216216216
1.0169491525423728
0.915
1.0437158469945356
1.0209424083769634
1.0205128205128204
0.9413735343383585
1.0747330960854093
0.9155629139072847
1.0687160940325497
0.9763113367174281
1.0519930675909879
0.9884678747940692
1.0033333333333334
0.9966777408637874
1.0266666666666666
0.9805194805194806
1.0182119205298013
1.0357723577235773
1.0031397174254317
0.9687010954616588
1.0
1.0161550888529887
0.9777424483306836
0.975609756097561
1.0216666666666667
0.9543230016313213
0.9965811965811966
0.9622641509433962
1.0463458110516934
0.8909710391822828
1.0803059273422562
0.9292035398230089
1.0380952380952382
0.9192660550458716
1.1157684630738522
0.924865831842576
1.0831721470019342
0.9107142857142857
1.080392156862745
0.9274047186932849
1.1291585127201567
0.8388214904679376
1.1694214876033058
0.7243816254416962
1.3414634146341464
0.8472727272727273
1.128755364806867
0.8136882129277566
1.1682242990654206
0.92
0.9434782608695652
1.0368663594470047
0.9866666666666667
1.009009009009009
0.9866071428571429
1.0135746606334841
0.9285714285714286
1.1682692307692308
0.7777777777777778
1.253968253968254
0.9156118143459916
1.1705069124423964
0.8503937007874016
1.1851851851851851
0.890625
1.118421052631579
0.9294117647058824
1.2067510548523206
0.8356643356643356
1.0920502092050208
1.1264367816091954
0.9659863945578231
1.0
1.0035211267605635
0.9105263157894737
0.9865125240847784
0.95703125
1.0244897959183674
0.8745019920318725
1.1047835990888382
0.9154639175257732
1.1846846846846846
0.8954372623574145
0.8895966029723992
0.9570405727923628
0.8753117206982544
1.0797720797720798
0.8812664907651715
1.401197604790419
0.6987179487179487
1.5382262996941896
0.9085487077534792
1.201312910284464
0.9107468123861566
1.04
0.975
1.0512820512820513
0.9212007504690432
0.9592668024439919
0.8365180467091295
0.7893401015228426
0.887459807073955
0.9601449275362319
0.9811320754716981
0.8346153846153846
0.880184331797235
0.8743455497382199
0.9161676646706587
0.9084967320261438
0.920863309352518
0.9765625
0.96
0.9833333333333333
1.0
1.0
0.9830508474576272
0.9827586206896551
0.9385964912280702
1.0
0.9813084112149533
1.0
0.9428571428571428
1.0
1.0404040404040404
3.912621359223301
1.218362282878412
1.1690427698574337
0.9860627177700348
1.017667844522968
1.0034722222222223
1.0034602076124568
0.9672413793103448
1.089126559714795
0.8887070376432079
1.0294659300184161
1.0
0.9355992844364938
1.0650095602294456
0.8886894075403949
1.0888888888888888
0.8849721706864564
1.1886792452830188
0.8694885361552028
0.9716024340770791
0.9749478079331941
0.9186295503211992
1.06993006993007
0.8779956427015251
1.0496277915632755
0.9574468085106383
1.0888888888888888
0.8367346938775511
1.146341463414634
0.900709219858156
1.0813648293963254
0.9320388349514563
1.1197916666666667
0.8372093023255814
1.1777777777777778
1.0
1.0047169811320755
1.0
1.107981220657277
0.9364406779661016
1.0135746606334841
0.8973214285714286
1.208955223880597
0.8436213991769548
1.102439024390244
0.8849557522123894
1.195
0.9163179916317992
1.0684931506849316
0.8632478632478633
1.1633663366336633
0.9361702127659575
1.1181818181818182
0.9024390243902439
1.0675675675675675
0.8734177215189873
1.2753623188405796
0.7954545454545454
1.2476190476190476
0.9465648854961832
1.096774193548387
0.8897058823529411
1.1115702479338843
0.8661710037174721
1.0987124463519313
0.93359375
1.0585774058577406
0.8063241106719368
1.3970588235294117
0.8140350877192982
1.0603448275862069
1.056910569105691
1.0115384615384615
0.8365019011406845
1.1318181818181818
0.9397590361445783
1.047008547008547
0.8530612244897959
1.124401913875598
0.8553191489361702
1.2189054726368158
0.7755102040816326
1.1
0.8899521531100478
1.075268817204301
0.89
1.404494382022472
0.876
1.0365296803652968
1.052863436123348
0.7615062761506276
1.3626373626373627
0.7379032258064516
1.1584699453551912
1.0047169811320755
1.0375586854460095
1.0723981900452488
0.9915611814345991
0.9872340425531915
0.9913793103448276
0.9956521739130435
1.0
0.9912663755458515
1.0352422907488987
0.9787234042553191
1.0391304347826087
0.9456066945606695
1.0221238938053097
0.922077922077922
1.2112676056338028
0.7558139534883721
1.0974358974358975
0.8130841121495327
1.528735632183908
0.706766917293233
1.0106382978723405
0.868421052631579
0.8787878787878788
0.9103448275862069
0.946969696969697
1.072
0.8507462686567164
0.8947368421052632
0.8921568627450981
0.9560439560439561
1.0344827586206897
0.8888888888888888
0.95
0.8289473684210527
2
1.0
1.2534246575342465
0.8579234972677595
1.232484076433121
0.9534883720930233
1.1571815718157181
1.0421545667447307
1.0651685393258428
0.9388185654008439
1.0134831460674156
0.991130820399113
1.0335570469798658
0.961038961038961
1.0427927927927927
0.9654427645788337
0.8926174496644296
0.924812030075188
0.9295392953929539
0.6938775510204082
0.8151260504201681
0.8969072164948454
0.9827586206896551
0.9766081871345029
0.9700598802395209
0.9814814814814815
0.9874213836477987
0.9681528662420382
1.0
0.9868421052631579
0.9866666666666667
0.9864864864864865
1.0
0.9863013698630136
1.0
1.0069444444444444
1.006896551724138
0.9863013698630136
0.9930555555555556
0.986013986013986
0.9929078014184397
0.9928571428571429
0.9928057553956835
1.0
0.9927536231884058
0.9854014598540146
1.0
0.9925925925925926
1.0
1.0
0.9925373134328358
0.9924812030075187
1.0
0.9924242424242424
1.0
1.0
0.9923664122137404
0.9923076923076923
1.0
0.9922480620155039
1.0
0.984375
0.9841269841269841
0.9758064516129032
0.9834710743801653
0.9831932773109243
0.9914529914529915
1.0
1.0
1.0
1.0
0.9827586206896551
1.0
1.0
1.0
1.0087719298245614
1.0
1.0
1.0
1.0
1.0
1.008695652173913
1.0
0.9913793103448276
1.0
1.0
0.991304347826087
1.0
1.0
1.0
1.0087719298245614
1.0
1.0
1.0
1.0
1.008695652173913
1.0
1.0
1.0
1.0258620689655173
1.0
1.0084033613445378
1.025
1.0
1.024390243902439
1.0
1.0
1.0
0.9920634920634921
1.0
1.0
1.0
1.0
1.024
1.0
1.0
1.03125
1.0
0.9924242424242424
0.9923664122137404
0.9923076923076923
0.9922480620155039
1.0
0.9921875
0.9921259842519685
1.007936507936508
1.1338582677165354
1.0138888888888888
1.1917808219178083
0.9080459770114943
0.930379746835443
0.9795918367346939
1.1319444444444444
0.9938650306748467
1.0925925925925926
0.96045197740113
1.0058823529411764
0.9883040935672515
1.0532544378698225
1.0056179775280898
1.1284916201117319
1.0594059405940595
1.0
0.9485981308411215
1.0049261083743843
1.0
0.9901960784313726
1.0693069306930694
0.9444444444444444
1.0392156862745099
1.0
0.9669811320754716
1.0097560975609756
0.9903381642512077
0.9853658536585366
1.004950495049505
0.9852216748768473
1.01
1.0396039603960396
1.0047619047619047
1.0236966824644549
0.9629629629629629
0.9951923076923077
0.9951690821256038
1.0048543689320388
0.9806763285024155
1.0147783251231528
0.9854368932038835
0.9901477832512315
0.9701492537313433
0.9948717948717949
0.9948453608247423
0.9948186528497409
0.9895833333333334
0.9947368421052631
0.9947089947089947
0.9787234042553191
1.0
0.9945652173913043
0.9836065573770492
1.1944444444444444
1.0325581395348837
0.9324324324324325
0.9565217391304348
0.9696969696969697
0.984375
0.9788359788359788
0.9837837837837838
0.967032967032967
1.0
0.9772727272727273
1.0174418604651163
0.9828571428571429
0.9883720930232558
0.9823529411764705
0.9940119760479041
0.9819277108433735
0.9938650306748467
0.9814814814814815
1.1069182389937107
0.9659090909090909
0.9411764705882353
0.975
1.0576923076923077
0.9696969696969697
1.03125
0.9757575757575757
0.9627329192546584
0.9612903225806452
0.9664429530201343
0.9375
0.9703703703703703
0.9923664122137404
0.9923076923076923
0.9612403100775194
0.9838709677419355
0.9836065573770492
1.0
0.975
1.0
0.9743589743589743
0.9736842105263158
0.990990990990991
0.990909090909091
0.981651376146789
0.9813084112149533
0.9809523809523809
1.0
0.9805825242718447
1.0
0.9900990099009901
1.0
1.0
1.0
1.0
1.0
0.99
0.98989898989899
1.0
1.010204081632653
0.9696969696969697
0.9895833333333334
0.9894736842105263
0.9787234042553191
0.9891304347826086
0.978021978021978
1.0
1.0
0.9662921348314607
0.9883720930232558
1.011764705882353
1.1511627906976745
0.898989898989899
1.0
0.9775280898876404
0.9540229885057471
1.0
1.0
1.0
1.036144578313253
0.9883720930232558
1.0
1.0
0.9882352941176471
1.0476190476190477
1.0795454545454546
1.168421052631579
0.9819819819819819
0.981651376146789
0.9813084112149533
0.9904761904761905
0.9903846153846154
1.2233009708737863
1.3095238095238095
1.1090909090909091
1.0601092896174864
0.9896907216494846
1.0052083333333333
0.9844559585492227
0.9736842105263158
0.9837837837837838
1.0
0.978021978021978
0.8876404494382022
1.018987341772152
0.9130434782608695
1.6054421768707483
0.9279661016949152
1.4337899543378996
0.7643312101910829
1.2541666666666667
1.053156146179402
1.1041009463722398
0.9885714285714285
1.1329479768786128
0.9311224489795918
0.9917808219178083
0.9337016574585635
1.1272189349112427
0.9606299212598425
1.0191256830601092
0.9865951742627346
0.967391304347826
0.7556179775280899
0.8698884758364313
0.9017094017094017
0.919431279620853
0.6649484536082474
0.8682170542635659
0.9285714285714286
0.9326923076923077
0.9587628865979382
0.9247311827956989
1.0232558139534884
4.556818181818182
1.2743142144638404
1.1839530332681019
1.0462809917355371
1.0489731437598737
0.9759036144578314
1.0447530864197532
1.0029542097488922
1.0132547864506627
0.9898255813953488
1.013215859030837
1.0043478260869565
1.0086580086580086
0.9957081545064378
0.9942528735632183
1.010115606936416
0.9828326180257511
0.9883551673944687
0.9926362297496318
1.0252225519287834
0.984081041968162
0.986764705882353
1.0163934426229508
0.9926686217008798
0.9970457902511078
0.997037037037037
1.011887072808321
0.9955947136563876
1.0073746312684366
0.9912152269399708
1.0118168389955686
1.0029197080291972
0.9810771470160117
1.0059347181008902
1.0029498525073746
0.9941176470588236
1.0118343195266273
0.9897660818713451
1.0103397341211227
1.0073099415204678
1.0014513788098693
0.9971014492753624
1.0
0.998546511627907
0.9970887918486172
0.9956204379562044
0.9941348973607038
0.9970501474926253
1.0118343195266273
1.0014619883040936
0.9883211678832117
0.9940915805022157
1.0014858841010401
0.9940652818991098
1.008955223880597
0.9955621301775148
1.0029717682020802
0.9925925925925926
0.9940298507462687
1.0105105105105106
0.986627043090639
1.0105421686746987
0.9970193740685543
0.9955156950672646
1.0075075075075075
0.9865871833084948
0.9969788519637462
1.0106060606060605
0.9775112443778111
1.0030674846625767
1.0137614678899083
1.0060331825037707
0.9775112443778111
1.0015337423312884
0.9954058192955589
1.0107692307692309
0.9923896499238964
1.0
0.9831288343558282
0.982839313572543
1.0142857142857142
0.9765258215962441
1.0192307692307692
0.9921383647798742
1.0285261489698891
0.9799691833590138
1.0
0.9984276729559748
0.9763779527559056
0.9725806451612903
1.0049751243781095
0.9818481848184818
0.9983193277310924
1.0151515151515151
1.0315091210613598
1.022508038585209
1.0031446540880504
0.9968652037617555
1.0141509433962264
0.9875968992248062
1.0235478806907379
0.9785276073619632
1.0376175548589341
0.9788519637462235
0.9969135802469136
0.9891640866873065
0.9702660406885759
1.011290322580645
0.9728867623604466
1.0163934426229508
1.017741935483871
1.01743264659271
1.0015576323987538
1.0062208398133747
1.001545595054096
0.9953703703703703
0.9844961240310077
0.9748031496062992
1.024232633279483
1.0
1.0047318611987381
0.9968602825745683
1.0062992125984251
1.0078247261345852
0.9984472049689441
0.9611197511664075
0.9967637540453075
1.0081168831168832
0.9838969404186796
1.0245499181669395
0.9984025559105432
0.9856
1.0081168831168832
0.9710144927536232
1.0116086235489221
0.9983606557377049
0.9688013136288999
1.0440677966101695
0.948051948051948
0.9828767123287672
1.0540069686411149
0.9669421487603306
1.0393162393162394
0.9736842105263158
0.956081081081081
1.0229681978798586
1.0569948186528497
1.0130718954248366
0.9451612903225807
0.9283276450511946
1.0165441176470589
0.969258589511754
1.0429104477611941
0.9212880143112702
1.033009708737864
1.0225563909774436
1.0330882352941178
1.0498220640569396
1.0203389830508474
1.043189368770764
1.0127388535031847
0.9811320754716981
1.0384615384615385
1.0030864197530864
1.0
1.0215384615384615
2
1.0
1.0548780487804879
0.9219653179190751
1.250783699059561
0.9223057644110275
1.141304347826087
1.0595238095238095
1.0674157303370786
0.9494736842105264
1.0221729490022173
0.9761388286334056
1.0533333333333332
0.9620253164556962
1.0416666666666667
0.9473684210526315
0.9088888888888889
0.9266503667481663
0.899736147757256
0.7360703812316716
0.7928286852589641
0.8743718592964824
0.9885057471264368
0.9709302325581395
0.9820359281437125
0.975609756097561
0.98125
0.9808917197452229
0.987012987012987
0.9868421052631579
0.9933333333333333
0.9798657718120806
1.0
0.9931506849315068
0.993103448275862
1.0
1.0069444444444444
0.993103448275862
0.9930555555555556
0.986013986013986
0.9929078014184397
1.0
0.9928571428571429
0.9928057553956835
0.9927536231884058
0.9854014598540146
1.0
0.9925925925925926
1.0
1.0
0.9925373134328358
1.0
0.9924812030075187
1.0
0.9924242424242424
1.0
0.9847328244274809
1.0
1.0
0.9922480620155039
1.0
0.9921875
0.984251968503937
0.992
0.9758064516129032
0.9752066115702479
1.0
0.9830508474576272
1.0
1.0
1.0
0.9913793103448276
0.991304347826087
1.0
1.0
1.0087719298245614
1.0
1.0
1.0
1.0
0.991304347826087
1.0087719298245614
1.008695652173913
1.0
0.9913793103448276
1.0
1.0
0.991304347826087
1.0
1.0
1.0
1.0087719298245614
1.0
1.0
1.0
1.0
1.008695652173913
1.0
1.0
1.0
1.0258620689655173
1.0
1.0084033613445378
1.025
1.0
1.024390243902439
1.0
1.0
1.0
0.9920634920634921
1.0
1.0
1.0
1.0
1.024
1.0
1.0
1.03125
1.0
0.9848484848484849
0.9923076923076923
1.0
1.0
0.9922480620155039
0.984375
1.0
1.007936507936508
1.1811023622047243
1.16
0.9252873563218391
0.9130434782608695
0.9931972789115646
1.1232876712328768
0.975609756097561
1.0125
1.0740740740740742
0.9482758620689655
1.0303030303030303
0.9764705882352941
1.1566265060240963
1.0520833333333333
1.0643564356435644
0.9767441860465116
0.9952380952380953
0.9473684210526315
1.0101010101010102
1.02
0.9852941176470589
1.0348258706467661
0.9807692307692307
1.0343137254901962
1.0
0.9620853080568721
1.0147783251231528
0.9951456310679612
0.9804878048780488
1.0099502487562189
0.9802955665024631
1.0050251256281406
1.045
0.9904306220095693
1.0338164251207729
0.9953271028037384
0.9577464788732394
1.0294117647058822
0.9761904761904762
1.0146341463414634
0.9855769230769231
0.9853658536585366
0.9801980198019802
0.9848484848484849
0.9948717948717949
0.9948453608247423
0.9948186528497409
0.9895833333333334
0.9947368421052631
0.9841269841269841
0.989247311827957
0.9945652173913043
0.994535519125683
1.1868131868131868
1.0416666666666667
0.9288888888888889
0.937799043062201
0.9846938775510204
0.9792746113989638
0.9894179894179894
0.983957219251337
0.9782608695652174
0.9777777777777777
0.9886363636363636
0.9885057471264368
1.0174418604651163
0.9771428571428571
0.9883040935672515
0.9881656804733728
0.9880239520958084
0.9696969696969697
1.00625
0.9813664596273292
1.0759493670886076
0.9882352941176471
0.9523809523809523
0.98125
1.0573248407643312
0.9518072289156626
1.0632911392405062
0.9642857142857143
0.9814814814814815
0.9433962264150944
0.9533333333333334
0.9440559440559441
0.9777777777777777
0.9848484848484849
0.9769230769230769
0.9763779527559056
0.9838709677419355
0.9836065573770492
0.9916666666666667
0.9831932773109243
0.9829059829059829
0.991304347826087
0.9736842105263158
0.990990990990991
0.9818181818181818
1.0
0.9722222222222222
0.9809523809523809
1.0
0.9805825242718447
1.0
0.9900990099009901
1.0
1.0
1.0
1.0
0.99
1.0
0.98989898989899
1.0
1.0
0.9795918367346939
0.9895833333333334
0.9789473684210527
0.989247311827957
0.9782608695652174
0.9888888888888889
1.0
0.9775280898876404
0.9885057471264368
0.9767441860465116
1.0238095238095237
1.1511627906976745
0.898989898989899
1.0
0.9775280898876404
0.9540229885057471
1.0
1.0
1.0
1.0240963855421688
1.011764705882353
1.0
0.9767441860465116
1.0595238095238095
0.9775280898876404
1.1149425287356323
1.1443298969072164
0.9819819819819819
0.981651376146789
0.9813084112149533
0.9904761904761905
0.9903846153846154
1.2233009708737863
1.3015873015873016
1.1158536585365855
1.0546448087431695
1.0
0.9948186528497409
0.9895833333333334
0.9631578947368421
0.994535519125683
0.989010989010989
0.9888888888888889
0.9044943820224719
1.0124223602484472
1.2331288343558282
1.0348258706467661
1.25
1.0423076923076924
1.029520295202952
1.0896057347670252
1.0986842105263157
0.937125748502994
1.035143769968051
1.1049382716049383
0.9972067039106145
0.9607843137254902
0.9766763848396501
1.1313432835820896
0.9551451187335093
1.0276243093922652
0.978494623655914
0.9532967032967034
0.7521613832853026
0.8659003831417624
0.8716814159292036
0.9137055837563451
0.6944444444444444
0.864
0.9537037037037037
0.912621359223301
0.9680851063829787
0.9230769230769231
1.0357142857142858
4.64367816091954
1.2673267326732673
1.16796875
1.0585284280936456
1.037914691943128
0.9984779299847792
1.0152439024390243
1.021021021021021
1.011764705882353
0.9956395348837209
1.018978102189781
0.998567335243553
1.005738880918221
0.9885877318116976
1.0014430014430014
1.0014409221902016
0.9769784172661871
1.0058910162002945
0.9897510980966325
1.017751479289941
0.9825581395348837
1.0014792899408285
1.0103397341211227
0.9883040935672515
0.9970414201183432
0.9985163204747775
1.0044576523031203
1.0059171597633136
1.0058823529411764
0.9956140350877193
1.0058737151248165
0.9941605839416059
0.9911894273127754
0.997037037037037
1.0178306092124814
0.9868613138686131
1.007396449704142
1.0
1.0102790014684289
0.997093023255814
0.9985422740524781
1.0116788321167882
0.9971139971139971
0.9956584659913169
0.9825581395348837
1.017751479289941
0.9898255813953488
0.986784140969163
1.0104166666666667
0.9941089837997055
0.9955555555555555
1.0104166666666667
0.9867452135493373
1.0044776119402985
1.0
1.0059435364041605
0.9970457902511078
0.9985185185185185
0.9970326409495549
0.9836309523809523
1.0151285930408471
0.9895678092399404
1.0150602409638554
0.9940652818991098
0.9940298507462687
0.996996996996997
0.9924698795180723
1.0106221547799696
1.0
0.9864864864864865
1.0
1.004566210045662
0.9878787878787879
1.0061349693251533
0.989329268292683
1.0215716486902928
0.971342383107089
1.0170807453416149
0.9587786259541985
1.0047770700636942
0.9952456418383518
0.9984076433121019
1.0
1.0175438596491229
0.987460815047022
1.0222222222222221
0.968944099378882
1.0096153846153846
0.9587301587301588
1.033112582781457
0.9519230769230769
1.0117845117845117
0.9950083194675541
1.040133779264214
1.0064308681672025
1.0175718849840256
1.0062794348508635
1.0062402496099845
0.9875968992248062
1.0392464678178963
0.9803625377643505
1.0277349768875192
0.9880059970014993
1.0091047040971168
0.9714285714285714
0.9984520123839009
0.9720930232558139
0.9824561403508771
0.9935064935064936
1.011437908496732
1.0064620355411955
1.0208667736757624
1.0267295597484276
0.9877488514548239
1.0108527131782945
0.995398773006135
1.0015408320493067
0.9584615384615385
1.0176565008025682
1.0063091482649842
0.9984326018808778
1.0062794348508635
0.9812792511700468
0.9952305246422893
1.0191693290734825
1.0031347962382444
0.9640625
1.0210696920583469
0.9968253968253968
0.9968152866242038
0.9968051118210862
1.0144230769230769
0.9462875197472354
1.023372287145242
0.9951060358890701
0.9967213114754099
1.011513157894737
0.9479674796747968
1.0411663807890223
0.9126853377265239
1.068592057761733
1.0185810810810811
0.9618573797678275
1.0293103448275862
0.9916247906197655
0.9662162162162162
1.0437062937062938
1.031825795644891
0.9902597402597403
0.9295081967213115
0.9365079365079365
1.0659133709981168
0.9575971731448764
1.007380073800738
0.9853479853479854
0.9851301115241635
1.0716981132075472
0.9929577464788732
1.0585106382978724
1.003350083752094
1.0500834724540902
1.011128775834658
0.9779874213836478
1.040192926045016
1.010819165378671
1.0
1.0
0.9984709480122325
0.9800918836140888
1.01875
1.0
1.0061349693251533
0.9801829268292683
0.9906687402799378
1.0094191522762952
0.9828926905132193
0.9984177215189873
0.9809825673534073
0.9919224555735057
0.990228013029316
0.9835526315789473
1.0100334448160535
1.0149006622516556
1.0179445350734095
0.9535256410256411
1.0100840336134453
0.956738768718802
0.9808695652173913
0.9592198581560284
1.044362292051756
0.9929203539823008
1.032085561497326
0.9689119170984456
1.0035650623885919
0.9911190053285968
0.9982078853046595
0.9515260323159784
1.0056603773584907
0.9606003752345216
1.02734375
1.020912547528517
1.0018621973929236
1.0427509293680297
1.0766488413547237
1.0298013245033113
1.0482315112540193
1.0076687116564418
0.984779299847793
1.01854714064915
0.9969650986342944
0.9939117199391172
0.9464012251148545
1.0485436893203883
0.9351851851851852
1.0115511551155116
0.8499184339314845
1.111324376199616
1.067357512953368
0.9385113268608414
1.0413793103448277
0.9486754966887417
1.0261780104712042
0.9030612244897959
0.9453860640301318
0.9760956175298805
0.9653061224489796
1.0317124735729386
1.0040983606557377
1.0979591836734695
0.9758364312267658
1.0685714285714285
0.9429590017825312
1.0415879017013232
0.9455535390199638
1.0019193857965452
0.9846743295019157
1.0428015564202335
1.0167910447761195
1.0422018348623854
1.0035211267605635
0.9771929824561404
1.0251346499102334
0.9632224168126094
1.0345454545454544
0.9525483304042179
1.0498154981549817
0.9472759226713533
1.0426716141001855
1.019572953736655
0.9808027923211169
1.0604982206405693
0.9714765100671141
0.9637305699481865
1.0573476702508962
1.011864406779661
0.9916247906197655
1.0388513513513513
0.9577235772357724
0.9864176570458404
1.0671256454388984
0.9564516129032258
1.0404721753794266
0.9918962722852512
1.0604575163398693
0.987673343605547
1.0265210608424338
0.993920972644377
0.9602446483180428
0.9761146496815286
1.0048939641109298
0.9626623376623377
1.0860033726812817
0.9922360248447205
1.0203442879499218
0.9493865030674846
1.0210016155088852
1.004746835443038
0.9748031496062992
1.012924071082391
0.9681020733652312
1.0527182866556837
0.97339593114241
1.0241157556270097
1.0047095761381475
0.9875
1.0569620253164558
0.9760479041916168
1.0337423312883436
1.010385756676558
0.9779735682819384
1.006006006006006
1.0059701492537314
1.0207715133531157
0.9752906976744186
1.0104321907600595
1.008849557522124
1.0014619883040936
0.981021897810219
1.0104166666666667
1.004418262150221
1.0219941348973607
0.9784791965566715
1.002932551319648
0.9985380116959064
0.9985358711566618
0.998533724340176
1.0
0.9882525697503671
0.9970282317979198
0.9895678092399404
1.0271084337349397
0.9926686217008798
0.9926144756277696
1.0119047619047619
0.9852941176470589
1.0044776119402985
0.9881129271916791
0.9774436090225563
1.0307692307692307
0.991044776119403
1.0015060240963856
0.9864661654135338
1.0106707317073171
0.9743589743589743
1.0030959752321982
0.9660493827160493
1.035143769968051
1.0108024691358024
1.0122137404580154
0.995475113122172
0.956060606060606
1.0031695721077654
1.0410742496050553
0.9908952959028832
1.007656967840735
0.9984802431610942
1.0167427701674276
0.9745508982035929
1.010752688172043
0.9984802431610942
1.0121765601217656
0.9729323308270676
0.9969088098918083
1.0325581395348837
0.9684684684684685
0.9798449612403101
1.0110759493670887
0.97339593114241
1.0016077170418007
1.0048154093097914
0.9936102236421726
0.9855305466237942
1.0228384991843393
0.9696969696969697
1.0
1.0526315789473684
1.0546875
1.0192592592592593
1.002906976744186
0.981159420289855
0.9926144756277696
0.9836309523809523
0.9636913767019667
1.031397174254317
0.9573820395738204
0.9920508744038156
0.9775641025641025
1.021311475409836
0.9967897271268058
1.0096618357487923
0.9696969696969697
1.0411184210526316
0.943127962085308
1.003350083752094
1.008347245409015
1.0347682119205297
1.0016
1.0335463258785942
1.0061823802163834
0.9738863287250384
1.023659305993691
0.9738058551617874
1.018987341772152
0.9767080745341615
1.0461049284578696
0.9650455927051672
0.9937007874015747
0.9492868462757528
1.0918196994991654
1.033639143730887
0.9644970414201184
1.0337423312883436
0.9391691394658753
1.0394944707740916
1.0167173252279635
1.0134529147982063
0.9454277286135693
1.0031201248049921
0.9206842923794712
1.0810810810810811
0.9484375
1.0477759472817134
0.9386792452830188
0.981574539363484
1.0375426621160408
1.0032894736842106
1.0098360655737706
0.9805194805194806
1.0298013245033113
0.9630225080385852
1.0534223706176962
0.9825673534072901
0.9467741935483871
1.0323679727427597
0.9488448844884488
0.9791304347826087
1.0994671403197158
1.001615508885299
0.9064516129032258
1.0907473309608542
0.9804241435562806
0.9750415973377704
0.9419795221843004
1.1195652173913044
1.0566343042071198
0.9402756508422665
0.9560260586319218
0.9982964224872232
0.8191126279863481
1.0479166666666666
0.9363817097415507
1.089171974522293
1.0428849902534114
0.9794392523364486
1.0286259541984732
0.9833024118738405
0.9886792452830189
0.9465648854961832
1.1169354838709677
0.9909747292418772
1.0455373406193078
1.0121951219512195
0.9724612736660929
1.0035398230088495
1.0458553791887126
1.0387858347386172
0.987012987012987
0.9671052631578947
1.0255102040816326
1.0597014925373134
0.8904538341158059
1.047451669595782
0.9681208053691275
0.9462738301559792
1.0402930402930404
1.0211267605633803
1.0672413793103448
0.9450726978998385
1.017094017094017
0.9428571428571428
0.9358288770053476
1.022857142857143
1.0037243947858474
0.961038961038961
0.9768339768339769
1.0019762845849802
0.9881656804733728
1.0119760479041917
0.8974358974358975
1.0681318681318681
0.9547325102880658
1.0905172413793103
0.857707509881423
1.108294930875576
0.8835758835758836
1.1647058823529413
0.8626262626262626
1.0702576112412179
0.888402625820569
1.1330049261083743
0.6934782608695652
1.3385579937304075
0.9812646370023419
0.964200477326969
0.9826732673267327
1.0
0.9899244332493703
1.2468193384223918
0.9959183673469387
1.0081967213114753
0.8821138211382114
1.0829493087557605
0.7808510638297872
1.0871934604904632
0.8696741854636592
1.1556195965417868
0.940149625935162
1.063660477453581
0.8154613466334164
1.2110091743119267
0.9848484848484849
0.9384615384615385
0.9890710382513661
1.0386740331491713
0.824468085106383
1.0935483870967742
0.8289085545722714
1.1174377224199288
0.7611464968152867
1.3430962343096233
0.7757009345794392
1.3654618473895583
1.026470588235294
0.9828080229226361
1.0349854227405249
0.8112676056338028
1.25
0.7166666666666667
1.4224806201550388
1.0
0.9455040871934605
1.2536023054755043
1.0275862068965518
1.1029082774049217
1.0608519269776877
0.9770554493307839
1.0430528375733856
1.0412757973733584
1.0144144144144145
0.9573712255772646
1.0037105751391466
0.8798521256931608
1.050420168067227
0.764
1.350785340314136
0.9767441860465116
0.996031746031746
0.9442231075697212
0.9113924050632911
1.0324074074074074
0.8878923766816144
0.9797979797979798
1.056701030927835
0.7951219512195122
1.0552147239263803
0.8255813953488372
1.3028169014084507
0.9891891891891892
1.1912568306010929
0.7431192660550459
1.2777777777777777
0.748792270531401
1.6129032258064515
0.812
1.1576354679802956
1.0595744680851065
0.8674698795180723
0.9398148148148148
0.7684729064039408
1.1923076923076923
0.6827956989247311
1.2283464566929134
0.7692307692307693
1.5333333333333334
0.842391304347826
1.1483870967741936
0.8595505617977528
1.2810457516339868
0.7704081632653061
1.1721854304635762
0.7627118644067796
1.4962962962962962
0.9801980198019802
1.0151515151515151
0.9203980099502488
1.0918918918918918
0.8712871287128713
1.2670454545454546
0.820627802690583
1.1202185792349726
0.9073170731707317
1.096774193548387
0.7892156862745098
1.3478260869565217
0.9170506912442397
1.1608040201005025
0.9090909090909091
1.0476190476190477
0.8818181818181818
1.0721649484536082
0.8846153846153846
1.0271739130434783
0.8465608465608465
1.14375
0.8415300546448088
1.1883116883116882
0.8688524590163934
1.0880503144654088
0.7398843930635838
1.3828125
0.7740112994350282
