2
1.0
1.0
1.0
1.0
1.0
1.0
1.0
1.0
1.0
1.0
1.0
1.0
1.0
1.0
1.0
1.0
1.0
1.0
1.0
1.0
2.0
1.5
1.3333333333333333
1.0
4.5
1.0
1.0555555555555556
1.0
1.0
1.0
1.0
1.0526315789473684
1.0
1.0
1.0
1.0
1.0
1.0
1.0
1.0
1.0
1.1
1.0
1.0
1.0
1.0
1.0
1.0
1.0
1.2272727272727273
1.0
1.1111111111111112
1.0
1.0
1.0
1.0
1.0
1.0
1.0
1.0
1.0
1.0
1.0
1.0
1.0
1.0
1.0
1.0
1.0
1.0
1.0333333333333334
1.0
1.0
1.0
1.0
1.0
1.0
1.0
1.032258064516129
1.0
1.0
1.0
1.03125
1.0
1.0606060606060606
1.0
1.0
1.0
1.0
1.0285714285714285
1.0
1.0
1.0
1.0
1.0277777777777777
1.0
1.0
1.0
1.0
1.0
1.0
1.0
1.0
1.0
1.0
1.0
1.0
1.0
1.0
1.0
1.0
1.0
1.0
1.0
1.0
1.0
1.054054054054054
1.0
1.0
1.0
1.0
1.0
1.0256410256410255
1.025
1.048780487804878
1.069767441860465
1.0
1.0217391304347827
1.0
1.0
1.0212765957446808
1.0
1.0
1.0
1.0
1.0
1.0
1.0
1.0
1.25
1.0
1.0
1.0
1.0
1.0166666666666666
1.0
1.0
1.0
1.0
1.098360655737705
1.0
1.0
1.0
1.0
1.0
1.0
1.0
1.0
1.0
1.0
1.0
1.0
1.0
1.0
1.0
1.0
1.0
1.0
1.0
1.0
1.0
1.0
1.0
1.0
1.0
1.0
1.0298507462686568
1.0
1.0
1.0
1.0
1.0
1.0
1.0
1.0
1.0
1.0
1.0
1.0
1.0
1.0
1.0
1.0
1.0
1.0
1.0
1.0
1.0
1.0
1.0
1.0
1.0
1.0
1.0
1.0
1.0
1.0
1.0
1.0
1.0
1.0
1.173913043478261
1.0
1.0
1.0
1.0
1.0
1.0740740740740742
1.0114942528735633
1.0
1.0
1.0
1.0
1.0
1.0
1.0
1.0
1.0
1.0
1.0
1.0
1.0113636363636365
1.0
1.0
1.0786516853932584
1.0
1.0520833333333333
1.00990099009901
1.0
1.0
1.0
1.0196078431372548
1.0
1.0
1.0
1.0
1.0
1.0
1.0096153846153846
1.0
1.0
1.0
1.0
1.0
1.0
1.0
1.0
1.0
1.0
1.0
1.0
1.0
1.0
1.0
1.0
1.0
1.0
1.0
1.0
1.0
1.0
1.0
1.0
1.0
1.0
1.0
1.0
1.0
1.0
1.0
1.0
1.0
1.0
1.0
1.0
1.0
1.0
1.0
1.0
1.0
1.0
1.0
1.0
1.0
1.0
1.0
1.0
1.0
1.0
1.0
1.0095238095238095
1.0
1.0
1.0
1.0
1.0
1.0
1.0
1.009433962264151
1.0
1.0
1.0
1.0
1.0
1.0
1.0
1.0
1.0
1.0
1.0
1.0
1.0
1.0
1.0
1.0
1.0
1.0
1.0
1.0
1.0
1.0093457943925233
1.0
1.0
1.0
1.0
1.0
1.0
1.0
1.0
1.0
1.0
1.0
1.0
1.0
1.0
1.0
1.0
1.0
1.0277777777777777
1.0
1.0
1.0
1.0
1.009009009009009
1.0
1.0
1.0
1.0
1.0
1.0
1.0
1.0
1.0
1.0
0.9910714285714286
1.009009009009009
1.0
3.1964285714285716
1.005586592178771
1.0166666666666666
1.3797814207650274
0.900990099009901
0.9098901098901099
0.927536231884058
0.9583333333333334
0.9864130434782609
0.9669421487603306
0.9544159544159544
0.9791044776119403
0.9939024390243902
0.99079754601227
0.9845201238390093
0.9716981132075472
0.9935275080906149
0.9869706840390879
0.9966996699669967
0.9801324503311258
0.9864864864864865
0.9828767123287672
0.9860627177700348
0.9893992932862191
0.9964285714285714
0.989247311827957
0.9818840579710145
0.996309963099631
0.9888888888888889
0.9850187265917603
0.9847908745247148
0.9884169884169884
0.984375
1.0
1.873015873015873
0.7415254237288136
0.8885714285714286
0.9356913183279743
0.9347079037800687
1.911764705882353
0.9442307692307692
0.9470468431771895
0.9655913978494624
0.9376391982182628
0.9524940617577197
1.3316708229426435
0.8576779026217228
0.9213973799126638
0.9478672985781991
0.9475
0.9525065963060686
0.9750692520775623
0.9573863636363636
1.0148367952522255
0.9678362573099415
0.9395770392749244
0.9356913183279743
0.9621993127147767
0.975
0.9633699633699634
0.973384030418251
0.9609375
0.9390243902439024
0.9826839826839827
0.9911894273127754
1.0
0.9955555555555555
0.9955357142857143
1.0762331838565022
0.9583333333333334
0.9956521739130435
0.9781659388646288
0.9910714285714286
0.990990990990991
0.990909090909091
0.9862385321100917
0.9767441860465116
0.9952380952380953
1.0
1.0
1.0
0.9904306220095693
0.9806763285024155
1.9556650246305418
1.345088161209068
0.8838951310861424
0.9258474576271186
0.9427917620137299
0.8956310679611651
0.964769647696477
0.9213483146067416
0.9085365853658537
0.959731543624161
0.9685314685314685
1.2129963898916967
1.0714285714285714
0.9555555555555556
0.9854651162790697
0.9882005899705014
0.982089552238806
0.9665653495440729
0.9905660377358491
0.9777777777777777
1.0097402597402598
1.0546623794212218
0.9634146341463414
0.9841772151898734
1.0610932475884245
0.9636363636363636
0.9716981132075472
0.9773462783171522
1.0
0.9933774834437086
1.0566666666666666
0.9779179810725552
0.9774193548387097
0.9900990099009901
0.99
0.9831649831649831
0.9931506849315068
0.9827586206896551
0.9894736842105263
0.9964539007092199
0.9893238434163701
0.9928057553956835
0.9891304347826086
1.010989010989011
0.9927536231884058
0.9963503649635036
0.9926739926739927
0.996309963099631
0.9888888888888889
1.0
0.9962546816479401
0.9962406015037594
1.0
0.9962264150943396
0.9962121212121212
0.9885931558935361
0.9923076923076923
0.9922480620155039
0.98828125
1.0
0.9841897233201581
0.9959839357429718
1.0
1.0
1.0
0.9879032258064516
1.0
0.9959183673469387
1.0
0.9918032786885246
1.0082644628099173
1.0
0.9959016393442623
0.9917695473251029
0.991701244813278
0.9874476987447699
1.055084745762712
1.1204819277108433
0.96415770609319
0.9739776951672863
0.9809160305343512
0.9688715953307393
0.9558232931726908
1.0084033613445378
0.9875
0.9873417721518988
0.9829059829059829
0.9956521739130435
0.982532751091703
0.9866666666666667
0.9864864864864865
1.0
1.0
0.9908675799086758
1.599078341013825
0.9884726224783862
1.0699708454810495
0.9754768392370572
0.9776536312849162
0.9885714285714285
0.9826589595375722
0.9941176470588236
0.9970414201183432
0.9910979228486647
0.9850299401197605
0.9908814589665653
0.9877300613496932
0.984472049689441
1.1861198738170347
1.1090425531914894
1.040767386091127
1.0345622119815667
0.9576837416481069
0.9953488372093023
1.0046728971962617
1.0651162790697675
0.9868995633187773
0.9800884955752213
1.0067720090293453
0.9506726457399103
0.9858490566037735
1.222488038277512
1.3463796477495107
1.0537790697674418
1.0041379310344827
0.989010989010989
0.9958333333333333
0.9721059972105998
0.9928263988522238
1.0664739884393064
1.046070460704607
1.1256476683937824
0.9712313003452244
0.9703791469194313
1.021978021978022
0.937873357228196
0.9464968152866242
0.9757738896366084
0.9668965517241379
0.9686162624821684
0.9926362297496318
1.0
1.0237388724035608
1.1043478260869566
0.9855643044619422
1.0279627163781624
0.9974093264248705
1.0298701298701298
1.0466582597730139
0.9698795180722891
0.9714285714285714
0.9552429667519181
0.9812583668005355
0.990450204638472
1.0537190082644627
0.9633986928104575
0.9755766621438263
0.9666203059805285
1.014388489208633
1.0141843971631206
1.123076923076923
0.9962640099626401
0.94
0.9441489361702128
0.9690140845070423
0.9752906976744186
0.9895678092399404
0.9713855421686747
1.0604651162790697
1.141812865497076
1.092189500640205
0.9824150058616647
0.977326968973747
0.9633699633699634
0.9797211660329531
1.2341526520051747
0.910901467505241
0.9574223245109321
0.9471153846153846
0.9352791878172588
0.9430122116689281
0.9539568345323741
0.9638009049773756
0.9608763693270735
0.9560260586319218
0.9710391822827938
1.0052631578947369
0.9720767888307156
1.0879712746858168
0.9653465346534653
0.9692307692307692
1.0123456790123457
0.9616724738675958
0.9764492753623188
0.987012987012987
0.9699248120300752
0.9825581395348837
1.3747534516765285
0.9340028694404591
0.9662058371735791
1.055643879173291
0.9653614457831325
0.968798751950078
0.9484702093397746
0.9592529711375212
0.9769911504424779
1.0072463768115942
0.9550359712230215
1.0225988700564972
0.9576427255985267
1.001923076923077
0.944337811900192
0.9634146341463414
0.9578059071729957
0.9757709251101322
1.069977426636569
0.9514767932489452
1.042128603104213
0.9595744680851064
0.9933481152993349
1.0357142857142858
1.0323275862068966
0.9478079331941545
0.9625550660792952
0.977116704805492
0.9531615925058547
0.9656019656019657
0.9694656488549618
1.015748031496063
0.9819121447028424
0.9868421052631579
0.9706666666666667
0.9752747252747253
1.0253521126760563
1.1153846153846154
1.0541871921182266
0.985981308411215
1.0781990521327014
0.9692307692307692
1.0158730158730158
1.0044642857142858
1.231111111111111
1.052346570397112
1.0308747855917668
1.0232945091514143
1.0357723577235773
0.9529042386185244
1.0411861614497528
0.9699367088607594
1.0048939641109298
0.9821428571428571
0.9619834710743802
1.029209621993127
0.9699499165275459
1.1686746987951808
0.9631811487481591
0.9495412844036697
0.9420289855072463
0.9777777777777777
0.9965034965034965
1.0052631578947369
0.9616055846422339
1.0108892921960073
1.0394973070017954
1.0138169257340242
0.9846678023850085
1.0069204152249136
0.993127147766323
0.9913494809688581
0.9947643979057592
0.987719298245614
1.0071047957371226
1.0
0.9541446208112875
0.955637707948244
0.9555125725338491
1.0
0.9635627530364372
0.9537815126050421
0.9823788546255506
0.9573991031390134
1.009367681498829
1.0069605568445477
1.0092165898617511
1.0
0.9726027397260274
0.9835680751173709
0.9403341288782816
0.9822335025380711
0.9431524547803618
1.0
1.115068493150685
0.9557739557739557
1.038560411311054
0.9331683168316832
0.9840848806366048
1.1320754716981132
0.9880952380952381
1.036144578313253
0.9813953488372092
1.0450236966824644
0.9501133786848073
1.0525059665871122
0.9569160997732427
0.9454976303317536
0.9949874686716792
0.9622166246851386
0.9685863874345549
0.9702702702702702
0.9916434540389972
0.9803370786516854
0.9484240687679083
0.9667673716012085
1.01875
0.99079754601227
1.0092879256965945
0.9570552147239264
1.0096153846153846
1.0095238095238095
0.9937106918238994
0.9810126582278481
0.9709677419354839
0.9767441860465116
0.9965986394557823
0.9522184300341296
0.989247311827957
1.0036231884057971
1.0577617328519855
0.9556313993174061
1.0107142857142857
0.9575971731448764
1.044280442804428
0.9611307420494699
1.1066176470588236
0.946843853820598
0.9789473684210527
1.1290322580645162
0.926984126984127
1.0136986301369864
0.9425675675675675
1.0
0.946236559139785
0.946969696969697
0.976
0.9918032786885246
1.0330578512396693
0.98
1.0
1.3020408163265307
0.9498432601880877
0.9735973597359736
0.9423728813559322
1.0071942446043165
0.9607142857142857
1.0
0.9851301115241635
1.0
0.969811320754717
0.9922178988326849
0.9882352941176471
0.9682539682539683
1.040983606557377
0.9606299212598425
0.9754098360655737
1.050420168067227
0.972
0.9876543209876543
0.9458333333333333
0.973568281938326
0.995475113122172
0.9863636363636363
1.0460829493087558
1.0352422907488987
1.0382978723404255
0.9959016393442623
1.0658436213991769
0.9961389961389961
1.069767441860465
1.0144927536231885
0.9607142857142857
0.9368029739776952
1.0119047619047619
0.9372549019607843
1.112970711297071
1.056390977443609
1.0427046263345197
0.9897610921501706
1.0758620689655172
0.9198717948717948
1.0174216027874565
1.0171232876712328
0.9326599326599326
1.0036101083032491
0.960431654676259
0.9700374531835206
1.0347490347490347
1.007462686567164
0.9407407407407408
0.9763779527559056
0.9798387096774194
0.9958847736625515
1.037190082644628
1.0079681274900398
1.0
0.9723320158102767
1.0
1.0203252032520325
1.0199203187250996
1.01171875
1.0038610038610039
0.9730769230769231
0.9920948616600791
0.9960159362549801
0.936
1.0042735042735043
0.9957446808510638
0.9658119658119658
1.0
0.9823008849557522
0.9774774774774775
0.9769585253456221
1.0047169811320755
0.9624413145539906
0.9560975609756097
0.9438775510204082
0.9351351351351351
0.976878612716763
0.9822485207100592
0.9819277108433735
0.9815950920245399
0.9625
1.077922077922078
0.9698795180722891
0.9254658385093167
1.0335570469798658
0.935064935064935
0.9375
1.0740740740740742
0.9448275862068966
1.0291970802919708
1.0
0.9219858156028369
1.2384615384615385
0.7950310559006211
1.2109375
1.2903225806451613
1.14
0.8157894736842105
1.2043010752688172
1.3258928571428572
1.0606060606060606
1.0444444444444445
0.9635258358662614
0.8580441640378549
0.9632352941176471
0.8473282442748091
0.8333333333333334
0.9459459459459459
0.8342857142857143
1.0136986301369864
1.054054054054054
0.9743589743589743
0.6842105263157895
0.9423076923076923
0.9693877551020408
0.6210526315789474
1.1016949152542372
0.8
1.0769230769230769
0.8035714285714286
0.8222222222222222
1.054054054054054
0.8461538461538461
0.8787878787878788
1.1379310344827587
0.8181818181818182
1.0
1.1851851851851851
0.6875
1.1818181818181819
1.1538461538461537
0.9666666666666667
1.6896551724137931
0.8979591836734694
1.1363636363636365
0.68
0.9117647058823529
1.3225806451612903
1.024390243902439
0.7619047619047619
1.21875
0.717948717948718
1.25
0.9428571428571428
1.5757575757575757
1.0
1.0
0.7115384615384616
1.162162162162162
0.9069767441860465
1.0
0.7435897435897436
0.9655172413793104
0.8571428571428571
0.8333333333333334
1.3
0.5384615384615384
1.0
1.0
1.0
1.0
0.9285714285714286
1.0
1.0
0.9230769230769231
1.0
1.0
1.0
1.0
1.0
0.8333333333333334
0.9
1.0
1.0
1.0
1.0
1.0
1.0
1.0
1.0
1.0
1.0
0.8888888888888888
1.0
1.0
1.0
0.625
1.0
1.0
1.0
2.0
1.4
1.5714285714285714
1.2272727272727273
0.9259259259259259
2.56
0.140625
1.6666666666666667
0.2
