0.5
0.5
0.6666666666666666
0.44747612551159616
0.5688655982409473
0.43164470995504484
0.558980405223565
0.4718621655899307
0.5482008635136288
0.42521672621536766
0.5645935918395316
0.461763137594069
0.5433140068021158
0.4659184775849555
0.5298621511166947
0.4464352120427804
0.5715988409438029
0.4199196888291919
0.5471609124341137
0.482785344221358
0.5314201412062243
0.4961247871071329
0.4745815596514297
0.4745815596514297
0.4745815596514297
0.4745815596514297
0.4745815596514297
0.5016351063142247
0.5016351063142247
0.5016351063142247
0.5016351063142247
0.5016351063142247
0.5016351063142247
0.5016351063142247
0.5016351063142247
0.5016351063142247
0.5016351063142247
0.5016351063142247
0.504652423526066
0.504652423526066
0.4994337485843715
0.4994337485843715
0.4987832272557095
0.4987832272557095
0.49938347718865594
0.4993073421729666
0.4992317591545451
0.4992317591545451
0.49389897843359826
0.49389897843359826
0.49389897843359826
0.49389897843359826
0.49389897843359826
0.5025927403270841
0.4977593641667371
0.4977593641667371
0.49629287006679645
0.4987520146049948
0.5084934140370376
0.4888970482591274
0.5029152339662132
0.5015694951885967
0.49558418480675265
0.49558418480675265
0.49558418480675265
0.49558418480675265
0.5016370022025121
0.5016370022025121
0.5016370022025121
0.5016370022025121
0.5016370022025121
0.5016370022025121
0.5016370022025121
0.5016370022025121
0.5016370022025121
0.5016370022025121
0.5016370022025121
0.5016370022025121
0.5018046896690982
0.5018046896690982
0.5018046896690982
0.5018046896690982
0.5018046896690982
0.5018046896690982
0.5018046896690982
0.5018046896690982
0.5018046896690982
0.5018046896690982
0.50187265917603
0.50187265917603
0.50187265917603
0.50187265917603
0.50187265917603
0.50187265917603
0.50187265917603
0.50187265917603
0.50187265917603
0.50187265917603
0.50187265917603
0.50187265917603
0.50187265917603
0.50187265917603
0.50187265917603
0.50187265917603
0.4979591836734694
0.4979591836734694
0.49586776859504134
0.5
0.5
0.5062411396563051
0.5062411396563051
0.5021638776687825
0.5021638776687825
0.5021638776687825
0.5021638776687825
0.49783549783549785
0.49783549783549785
0.49783549783549785
0.49783549783549785
0.49783549783549785
0.49783549783549785
0.49783549783549785
0.49783549783549785
0.5
0.5
0.5
0.5022026431718062
0.5000195794337627
0.5000195794337627
0.5000195794337627
0.5000195794337627
0.5
0.5
0.5
0.5
0.5
0.5
0.5
0.5
0.5
0.5
0.5
0.5
0.5
0.5
0.5
0.5021834061135371
0.5021834061135371
0.5021834061135371
0.5021834061135371
0.5021834061135371
0.5021834061135371
0.5
0.5
0.5
0.5084922259327086
0.5084922259327086
0.4958854221381798
0.4958854221381798
0.4958854221381798
0.4958854221381798
0.4958854221381798
0.4958854221381798
0.4958854221381798
0.4958854221381798
0.4958854221381798
0.497907949790795
0.497907949790795
0.497907949790795
0.5083504044998437
0.5083504044998437
0.5083504044998437
0.5083504044998437
0.5083504044998437
0.5083504044998437
0.5083504044998437
0.5083504044998437
0.5083504044998437
0.5020408163265306
0.5000167971243323
0.4958848433530907
0.46769733534439417
0.5290719645845705
0.4650776683572517
0.5585371645689859
0.4980353634577603
0.493929001761053
0.4842136469193142
0.48195809469938006
0.5281438152171585
0.5281438152171585
0.4851900800746327
0.5361362812613266
0.4789400686181473
0.5076078546955016
0.4837849844513549
0.4837849844513549
0.46950406208318174
0.46950406208318174
0.45141065830721006
0.5616045845272206
0.4790937557561245
0.4790937557561245
0.49383334759384434
0.5073767325059159
0.48436159334265805
0.48436159334265805
0.47969911080164823
0.47969911080164823
0.4916982788702906
0.4916982788702906
0.4916982788702906
0.5061062875679802
0.5061062875679802
0.49380277517159643
0.5062718512299345
0.4899507637924505
0.4964670607174018
0.4964670607174018
0.4918090005291779
0.4918090005291779
0.4846130356597564
0.4846130356597564
0.4891051406811932
0.4891051406811932
0.4891051406811932
0.4891051406811932
0.4891051406811932
0.4891051406811932
0.4891051406811932
0.4987604769212607
0.4987604769212607
0.5012987012987014
0.5012987012987014
0.5012987012987014
0.5012987012987014
0.5012987012987014
0.5012987012987014
0.5013772472825283
0.500030191413562
0.4529568013420942
0.5374687518167548
0.5232254194073661
0.5232254194073661
0.5232254194073661
0.5232254194073661
0.5232254194073661
0.5232254194073661
0.5232254194073661
0.5232254194073661
0.49720817184523425
0.49720817184523425
0.49720817184523425
0.49720817184523425
0.49720817184523425
0.49720817184523425
0.5000836695610137
0.5000836695610137
0.5017082680172033
0.4985075881784168
0.4729418597415528
0.4729418597415528
0.4729418597415528
0.49549363746983727
0.49549363746983727
0.47504011410233554
0.47504011410233554
0.47504011410233554
0.47504011410233554
0.47504011410233554
0.47504011410233554
0.47504011410233554
0.47504011410233554
0.4909080346249928
0.4909080346249928
0.4909080346249928
0.4909080346249928
0.4909080346249928
0.4909080346249928
0.4909080346249928
0.4909080346249928
0.4909080346249928
0.4909080346249928
0.4909080346249928
0.4909080346249928
0.4909080346249928
0.4909080346249928
0.4909080346249928
0.4909080346249928
0.4909080346249928
0.4909080346249928
0.4909080346249928
0.4909080346249928
0.4909080346249928
0.4909080346249928
0.4909080346249928
0.4909080346249928
0.4909080346249928
0.4909080346249928
0.49732620320855614
0.49732620320855614
0.49732620320855614
0.49732620320855614
0.49732620320855614
0.49732620320855614
0.49732620320855614
0.49732620320855614
0.49714442991811747
0.49714442991811747
0.49714442991811747
0.5029940119760479
0.5000362923713436
0.5000362923713436
0.5000362923713436
0.5000362923713436
0.5000362923713436
0.5000362923713436
0.5000362923713436
0.5000362923713436
0.4968553459119497
0.5094730138512975
0.5094730138512975
0.5094730138512975
0.5094730138512975
0.49700598802395207
0.503030303030303
0.4821799928289709
0.5176800492442377
0.5176800492442377
0.5176800492442377
0.5176800492442377
0.5176800492442377
0.5176800492442377
0.5000245086025195
0.5183495749533485
0.423963133640553
0.4763877381938691
0.5522520130961862
0.5522520130961862
0.5522520130961862
0.5522520130961862
0.5522520130961862
0.5522520130961862
0.5522520130961862
0.5522520130961862
0.5000077161684594
0.5028326611321228
0.5227311080360457
0.4652948631924252
0.4244723850909846
0.5788864142538975
0.5438525584027161
0.4898295766904894
0.4464172479391249
0.4929016711194929
0.47477046221454916
0.5244258412733381
0.5427143423312343
0.47028564606464535
0.5382823886742838
0.4980101799632818
0.47409217541668675
0.5358810798496412
0.4709237214318304
0.5076772896085023
0.4932600464515358
0.5048770498020358
0.5092269562883799
0.4868686868686869
0.5171673819742489
0.4595921998692715
0.5399791120866672
0.45382332179518803
0.540285648063044
0.49324189942800767
0.498000530979325
0.48105483547727484
0.5227262182768593
0.47162197725079685
0.512867476275798
0.5054129123223179
0.5068519658721083
0.4948719297322885
0.5008692024198595
0.48933817369449883
0.5139676382283391
0.4983870967741935
0.46960486322188444
0.5296824106005192
0.50214796353381
0.49713469401159255
0.49713469401159255
0.48540191221914014
0.48540191221914014
0.46114727067603917
0.46114727067603917
0.4403816342511946
0.4403816342511946
0.42339883636703507
0.5454251256715065
0.44140167552472753
0.564692778912196
0.47839292374913406
0.4856204666507365
0.5334933787655851
0.4799851856424185
0.5023466166055124
0.49572566543617635
0.5339009881192408
0.46112713416559653
0.4985007678993687
0.533803011465672
0.46991326651142384
0.46991326651142384
0.4910124184382236
0.5120991188442098
0.5120991188442098
0.5120991188442098
0.5120991188442098
0.5120991188442098
0.46341463414634143
0.5066666666666666
0.48340395480225995
0.16247841933627472
0.811367874267448
0.5028152726169712
0.5460128099229509
0.4986562903730618
0.5116950656948906
0.49025069637883
0.5085980275605713
0.4881840946150284
0.5091984630659127
0.4971145221968264
0.5010928324835817
0.5028612069053735
0.49678242703068076
0.5064596721399083
0.4924415076528892
0.5014554117576626
0.5039395191766339
0.4956964292146743
0.5025110071900272
0.4985673381841319
0.5035940005854294
0.49784692188027846
0.4989127818806089
0.5040121953801528
0.4989371688768518
0.49519433137739177
0.49856391756367746
0.5032924066320976
0.49891749260688323
0.503615808339154
0.4974661327784259
0.5032828023141291
0.4970802919708029
0.5014727540500736
0.4952257980864294
0.5043971673774661
0.49817332141533677
0.49603101191489274
0.5043420471025932
0.5028740748669487
0.5014897113049452
0.4985771402831098
0.4926414372052319
0.5055046864004953
0.49890644088773395
0.5014603852518672
0.4967177522485926
0.500378930414884
0.49929869120124404
0.5082804866822302
0.49096544067869313
0.5029032766669695
0.5003599712023038
0.504720406681191
0.4930900979980579
0.5029175644605375
0.49709514815800704
0.5043540538832599
0.4967320537395608
0.5065933186423857
0.48899619697372537
0.5065933186423857
0.49927378705463105
0.5007325972145299
0.4985364086437101
0.5007326003394114
0.5022129268616605
0.493015812214132
0.5062312363043121
0.4967118963355638
0.5043944642612156
0.497436441274053
0.4963294734778875
0.511448456947107
0.4899769956547347
0.5011292065322667
0.5000022210426018
0.500002207861311
0.49889681527267554
0.5022129300279671
0.5003695459414522
0.500002181848331
0.4996309995471108
0.49594749207402816
0.506253286789864
0.49705936897083874
0.5033363481277251
0.4985296208109741
0.4985029940119761
0.4973861090365945
0.5018720657211969
0.5014836762591987
0.4992581602373887
0.5022388059701492
0.5003987317069879
0.4969839826489155
0.5061167800519182
0.4942616679418516
0.4996133023975251
0.5000005972167312
0.5034916737011741
0.49650410682596174
0.5071096130657421
0.4853972923782691
0.511010349926072
0.49805700438836276
0.5008005279359877
0.49603495528083585
0.5055623478823712
0.49284046249359226
0.501613042547518
0.49349194494825555
0.5077183445304887
0.5003790715942928
0.49812509986435444
0.49891146225231997
0.5063078661635353
0.49778000541137535
0.5022646844299569
0.4943506030714198
0.5026375282592314
0.4988780852655198
0.4985235307770814
0.505196593142415
0.49333085697141676
0.5062832214896983
0.49704798497155983
0.4989000510515643
0.5018395879323032
0.49963369963369964
0.5025721744058143
0.5018894949337883
0.49515512529694383
0.49703488190765577
0.5040836915518905
0.49779141437454183
0.5022064198341325
0.4981690372326198
0.5025614057260244
0.5033406415503521
0.49818770212170915
0.49964706243414386
0.4981080734891418
0.4980994402492719
0.5068794101766864
0.4930971410206116
0.5026997056380895
0.4916084269220878
0.5094971605006341
0.4917499796797529
0.5063580638155474
0.49741752285254826
0.5055381687252891
0.4970463438392578
0.5022494308097839
0.4936416055533785
0.5041080932321883
0.5000005519634997
0.5022460625783397
0.5007887373068782
0.498890545406487
0.493130027591938
0.5041958412046103
0.5000005687395708
0.5060888470045903
0.4893310516526501
0.5072338967670847
0.5011774296861352
0.4930931921384777
0.4992963098325182
0.5026625163123613
0.5026149897800506
0.5034115523465704
0.49815018035162784
0.49616509583431984
0.49810415211777226
0.5026702916780141
0.5003785011355034
0.4962462462462462
0.5082644721394383
0.4996968089574256
0.5060291491223208
0.4799216017068995
0.5110116617043692
0.5047298341606842
0.48860673827051626
0.5106080010472769
0.4925246448461745
0.511576023857764
0.49698517518254937
0.47763450683720277
0.5169652972165635
0.5000024722245572
0.5064127438480495
0.5108880924363638
0.4478999128288868
0.5395019047904731
0.49267920661117626
0.5093752539876825
0.49455557736130196
0.4870341370183768
0.5071678088075285
0.4989434663412057
0.5193378919184469
0.4918745999728467
0.47467538781755003
0.5300125979826698
0.4839240054601495
0.5061685879525258
0.4977011615739909
0.5061685879525258
0.5017002919495908
0.49448527310756296
0.49799132998361295
0.5060754505899426
0.4870629228749409
0.5266288729366633
0.46328936553609856
0.5329739154561022
0.4699737594676572
0.529205362162748
0.47932803194602225
0.5005572763885755
0.5045103763013993
0.4964315501777167
0.49854636740687824
0.5081606388992459
0.49118923226777655
0.5057522444626233
0.49888650443373683
0.5003889343199632
0.5014842249807154
0.5011075549198986
0.4996315433849463
0.49741752285254826
0.5077799347648282
0.49480768522825774
0.4955229533380918
0.5052132565191964
0.4988880652335063
0.5
0.5
0.5052552552552553
0.49398726474007376
0.5045684986084326
0.4908706157064327
0.5091062938190023
0.49242467718794836
0.5091062938190023
0.4939140791985511
0.4988599232305413
0.4981361485926771
0.5026505448655127
0.4992642566219677
0.5040847348066176
0.4929673361095005
0.5059045276540551
0.501486347402932
0.5026685563160272
0.4958853304924015
0.5077812770285658
0.49266272640422565
0.49722570274865935
0.5179501609906076
0.46888831313186907
0.5196198679588787
0.4851568239360335
0.5131555151991886
0.4917113846276606
0.5070863334290723
0.49685783366048775
0.503554169021589
0.4952538914585068
0.5047548845403779
0.4952388270848319
0.5145552147436847
0.4792542654440321
0.5205512180899313
0.47486142890354477
0.5226029377200115
0.4843823652115492
0.5157814720560532
0.47797740506644104
0.5335537500508062
0.44867661435122025
0.5435166936392721
0.47460678834870623
0.5181164714355724
0.4836756344693962
0.5154369466259817
0.48549966392802896
0.5171830552779273
0.48094050587816173
0.5170188578306808
0.4892177529626253
0.5069334812476
0.49273056261573017
0.5138161569715821
0.4819221762058
0.5176737966651074
0.48690955084495924
0.5104612960863801
0.4875993929176125
0.5223476308995475
0.46583548542549635
0.5331926686786024
0.47423024290112886
0.5207686418882305
0.484295578045076
0.5094536603873713
0.4968609084519745
0.49723819692910987
0.521514435280615
0.47130917258905924
0.5165855797769893
0.48839898419786965
0.5037495915440388
0.5000026962971751
0.5012291708903333
0.49152609539912556
0.5210849700661695
0.4791602462234394
0.5219758598042294
0.4745336533293124
0.5213397633305218
0.4874211515423354
0.5089618435460495
0.47603652965424936
0.5429486016800245
0.4421166862860506
0.5592825529932448
0.4550928521056723
0.5267809017636662
0.4806139461898068
0.5243643923293292
0.4636108117417377
0.5664911035539199
0.42076015218685325
0.5442761418806088
0.4918307573110604
0.48189932587638745
0.5446045886208924
0.4760333310535074
0.47638884221384836
0.5354774720559884
0.4461070795117434
0.543839891625834
0.5086080409696297
0.486983774252571
0.5142167059407485
0.47277727098454503
0.5303008166804947
0.46386372999952724
0.5481887485010071
0.45099265842627145
0.5363593068835403
0.47379982337793414
0.4990887237190536
0.5055665307076301
0.5064886964950138
0.48686904975749956
0.49973009446693656
0.5147393420778302
0.5011917080241673
0.5044117351326478
0.48515741029355147
0.5020363833831115
0.5008112903602362
0.49892116013025534
0.505975008437075
0.505726072812369
0.48745658672413056
0.5076152009813063
0.492055882363061
0.510191612111153
0.4886999714958329
0.5150847976127252
0.4867365724068173
0.5099157129493022
0.4923527177048304
0.5015407995272068
0.5011447456987607
0.5015343250431072
0.48388574569942955
0.5189640541435422
0.49338632216705564
0.5022129300279671
0.495614577297711
0.502572504079905
0.5039794237735777
0.4952917953512973
0.501813428461266
0.5032590273699785
0.4974661358624758
0.5014668084492441
0.49560822941173316
0.5018336205952435
0.5003641629890245
0.49927798174662347
0.5069238393504606
0.48760271669978855
0.5105470603841272
0.49784572886084866
0.49816581071166544
0.4963450292397661
0.5062076201830029
0.4981813196464606
0.4985315743851373
0.5033134081573469
0.49228922457896784
0.5102628484456321
0.4952386438857796
0.4970463405587389
0.5066538044291691
0.49968832094038024
0.4958621239199973
0.5068918431344343
0.48811191115651414
0.5182317849721831
0.47278512649763205
0.5283269077292904
0.47057043498309253
0.5329267501459806
0.46507765947054797
0.5325294174851697
0.47669507710104436
0.5109495979002472
0.4996358047135017
0.49922867019274575
0.4933223970729809
0.5054864961381844
0.4897031215762449
0.5136715566889859
0.489868870026226
0.5045249543198768
0.503315017261532
0.4981582462635061
0.4988984130636272
0.5047915278407845
0.4966789667896679
0.4992581602373887
0.5014836762591987
0.4996299070410323
0.4992565059871996
0.5007434940128003
0.4970375906250722
0.4989356625027462
0.5087862763465038
0.48865148812811493
0.5044183373905422
0.5035996653788383
0.4996494156928214
0.4971014736276108
0.5032621489826804
0.49891594933979144
0.49890644088773395
0.5077610632645883
0.4892489129787361
0.5070866930435218
0.492908295483044
0.5078512609194348
0.49138976908569415
0.5131950322185171
0.48037229905271533
0.5218769072409112
0.47405923461350735
0.5303900530169149
0.47100723427935454
0.51618793839884
0.4951811667922287
0.5097442109760274
0.4921111945905335
0.4988575780654988
0.5034324623498879
0.49809364681731577
0.5038765588569948
0.48804899554369324
0.511507750117426
0.49579891100262863
0.5050354465406107
0.48726761107948746
0.518123621726936
0.4810525912663839
0.5254023143803428
0.4662605955709404
0.5369342347332398
0.46214203651968916
0.5347158692926458
0.46997326009250157
0.5181676618836834
0.49064044563744014
0.49782015117424044
0.5095045688063036
0.49621731770519956
0.5018947943984386
0.5011464674148227
0.5023365940339631
0.492284996136247
0.5069494712916178
0.4980851174047709
0.5063893801358735
0.4864622267815065
0.5107773538533709
0.4896260169229221
0.5193979122404722
0.4759612953029961
0.5171720520374936
0.4901885960904874
0.5057713114442143
0.4873287846229563
0.5293172298940755
0.46252729909808776
0.528683881917088
0.4944016138474886
0.47575601469667883
0.5179043134751208
0.49881113006288025
0.5075974977148227
0.4907715016855852
0.510501817935487
0.48188705672630044
0.5179926188710268
0.49812361344363587
0.495114006514658
0.503728251864126
0.49378028489997133
0.5087672965591054
0.48827700356985054
0.5155972825462729
0.4817823190842656
0.5152773114813625
0.48062266050251945
0.5167201531969021
0.493787080375046
0.5041638242292141
0.49750000000000005
0.49958158995815893
0.5029394060430813
0.4916364126073855
0.5121069629679211
0.4858270706497473
0.5112092344638279
0.49836630068868404
0.49791562819373936
0.5046264326189167
0.4870358593367223
0.5222148308450589
0.47637543775595176
0.5194683821547953
0.47687496633240045
0.5221124093209895
0.48098881679013433
0.5119400253056654
0.4923754061432738
0.5068060701416028
0.4918039064072935
0.5058878860549313
0.5061400960444867
0.4965488349110145
0.5075241916971812
0.49452851677491183
0.4903549587789387
0.5132243043491669
0.49358974358974356
0.501628664495114
0.5049940675223816
0.4937972297443825
0.4880861618043022
0.5075147365723282
0.49467777777777777
0.5104460456156409
0.5007744913119988
0.5181161871561123
0.4854467843299081
0.4890308560133409
0.5105430837114728
0.4753108558848116
0.5292486238026362
0.4811389450594204
0.528463226371361
0.4699452135879031
0.5387794019600112
0.4437863351687489
0.5552681811754725
0.4538599646301337
0.5461165984583323
0.45719251384054477
0.5460661801290949
0.43578121729702285
0.5333363133057899
0.49871762560597754
0.5060216913966332
0.5000610426077402
0.46622812169622924
0.5322001689189189
0.508951026567287
0.49496615933846744
0.49799713876967094
0.4742837807353936
0.5163692399977247
0.5248222208485713
0.4810969382918036
0.49498611150079963
0.5248546929849801
0.47618871574952104
0.5347476570869429
0.44727254216087686
0.5258981387967104
0.48291156649704303
0.5066538852843722
0.5027162770834719
0.4928637940248616
0.5093565090843454
0.5088336997423708
0.4707051412987672
0.5240725961089978
0.49882807722712597
0.5115423599634374
0.4818601375220274
0.5005038882120242
0.5020813320525136
0.5016207077176805
0.49841021151099024
0.5080098914095259
0.49276416260635586
0.5065039107794151
0.47996842313005716
0.5282347282347283
0.4930853443943328
0.49007324978244327
0.5138163922446914
0.460125249090279
0.562868215639075
0.44524781702317906
0.54665481941281
0.4653918979953445
0.5234647071249661
0.4687376299702968
0.5275678316088636
0.4761745229248428
0.5156552671433099
0.5055398744575978
0.4798306899892906
0.5276932440657335
0.4725911491718373
0.5419886663991459
0.438234775631284
0.5481775919133303
0.4679384308415877
0.5422465143775119
0.45880325909567987
0.5201752138316433
0.4862210809139976
0.5163054367169914
0.47708935470231517
0.523524115031797
0.4858067937588969
0.5001343503748101
0.5131152562593709
0.48522490174195737
0.5053749781666322
0.4964587903478533
0.5127191353110793
0.49202812756023206
0.4960217012147124
0.5111833191723885
0.4989233585969456
0.4975905832929831
0.4921110950023818
0.5201974298770482
0.48173939071145283
0.5172169912854165
0.47555282477465777
0.5321858498804365
0.46148252626038017
0.5257277355487585
0.4872110066510815
0.5226522405944641
0.46074468676229924
0.558319982872035
0.414996069548501
0.5796150488966477
0.43844960644500885
0.5595542193984822
0.4385291122050586
0.5599374749160347
0.4611977775012262
0.5445410797934419
0.4412522799475933
0.5221212323731872
0.5183830732057728
0.467248322147651
0.5748633088315168
0.39971536140017966
0.5736651285431773
0.4371867421180275
0.5675851948475461
0.42662074055849425
0.5780309345188478
0.43995426331264287
0.5191387559808612
0.4854586129753915
0.5725480009524428
0.373085240583889
0.5983489313008296
0.4480510126667371
0.5306214120585406
0.4793865835362184
0.5295148307911238
0.4478270894356154
0.5708908661526142
0.42076617413840545
0.583393324857935
0.4496399392902122
0.4678855460032364
0.5608575470106544
0.4730120527473081
0.5174306266970748
0.5059595033747187
0.49479396420668115
0.5013534078929639
0.4847382331673829
0.4847382331673829
0.4543239103188972
0.5431069291040771
0.4185667913868722
0.5916901517815952
0.45184390998701
0.45184390998701
0.46974133723767697
0.5200063470235105
0.44846004011020013
0.5337284116459367
0.43629105864499595
0.5607757342035005
0.4489893085187987
0.5337462751531791
0.5110155541772031
0.4858970050220374
0.5384955641103399
0.43062726049489924
0.5848754122389154
0.46842304635870663
0.5327549570554339
0.5327549570554339
0.49386745654018144
0.475374799635415
0.48985507246376814
0.48985507246376814
0.48985507246376814
0.48985507246376814
0.48985507246376814
0.48985507246376814
0.48985507246376814
0.48985507246376814
0.48985507246376814
0.48985507246376814
0.48985507246376814
0.48985507246376814
0.48985507246376814
0.48985507246376814
0.48985507246376814
0.48985507246376814
0.48985507246376814
0.48985507246376814
0.48985507246376814
0.5050942677585222
0.49009900990099003
0.49253731343283585
0.20724273933309428
0.7641501404374841
0.5093457048099228
0.5378192968834462
0.5017391304347826
0.4991349480968858
0.5159887703053381
0.4605010201487122
0.5371849326884752
0.48807802278409007
0.4956324591107546
0.5357621030813695
0.43999568646783344
0.5359650702196616
0.4883202099737533
0.5330702194486636
0.44483840397372626
0.5900729464002538
0.3794518456311791
0.583697345009102
0.45529789497078993
0.5577742446993308
0.4647395860964681
0.4840677524429967
0.5418680235500972
0.449106306631611
0.5483705857233945
0.45578183677320017
0.5324657080958237
0.4639454054321967
0.5422197651506261
0.43811301594886803
0.5744092816785432
0.42623667484951405
0.5558656529689154
0.4693231542686901
0.5418031207859757
0.4279721613118505
0.6051246493743894
0.3738840359674539
0.6274939659987986
0.38485406768156694
0.5977011494252873
0.39489671931956255
0.6103301636052211
0.3917130853025608
0.5816681491136141
0.5012449652142072
0.4706769436997319
0.5264012997562957
0.4120317820658342
0.6019850493121427
0.43269346855004226
0.5496336684273301
0.47128109663225587
0.5293376718799203
0.46822308690012976
0.5278205410160546
0.44446378224094124
0.5660661141156518
0.44875190875377846
0.5715532004265081
0.403001823537663
0.6111501193652576
0.3908122216575214
0.5756032765109586
0.4612352168199737
0.5145393327211509
0.486938314821782
0.5129894207026042
0.5000156232912025
0.482573993504504
0.5657542834921869
0.3946684383174854
0.6439847577572129
0.3256125574272588
0.6579614581746835
0.3905100058379351
0.5463548313695228
0.4613614590514732
0.5859590143414041
0.4018229568978835
0.6146257503883128
0.3600160007111427
0.678663855075242
0.3016071404311973
0.6198979591836735
0.4155844155844156
0.5802707930367504
0.48421063455665353
0.458222749063749
0.5646050336406678
0.4470611112816891
0.5284537837532945
0.4622908229540766
0.5562750985854347
0.44707056359173986
0.5485306577480491
0.45487769352318563
0.5396459283501027
0.46485084083981226
0.551377985489362
0.446539778021755
0.5528498562731681
0.4295942720763723
0.5673172345352299
0.42917261184460054
0.5768310859995147
0.45708455554138505
0.5164984077512026
0.47388934418418494
0.5483229980609365
0.4380177485685051
0.6101106553875074
0.3382419420460196
0.3382419420460196
0.3104522505102589
0.3104522505102589
0.4150407011412961
0.5116660086853534
0.4922725084256138
0.4922725084256138
0.4922725084256138
0.4922725084256138
0.4922725084256138
0.5132679772109018
0.5132679772109018
0.5132679772109018
0.5132679772109018
0.5132679772109018
