2
1.0
1.2347560975609757
0.9358024691358025
1.2321899736147757
0.9721627408993576
1.0881057268722467
0.8967611336032388
1.2121896162528216
0.9348230912476723
1.0896414342629481
0.9159049360146252
1.0499001996007984
0.9315589353612167
1.1551020408163266
0.8657243816254417
1.1959183673469387
0.9897610921501706
1.0603448275862069
0.9349593495934959
0.9495652173913044
1.0512820512820513
0.813588850174216
0.9421841541755889
0.9272727272727272
0.9656862745098039
0.9593908629441624
0.9867724867724867
0.9865951742627346
0.9972826086956522
0.9945504087193461
0.9808219178082191
0.9888268156424581
0.9858757062146892
0.9885386819484241
0.9942028985507246
0.9825072886297376
0.9643916913946587
0.9692307692307692
0.9714285714285714
0.954248366013072
0.958904109589041
0.9642857142857143
0.9666666666666667
0.9693486590038314
0.9723320158102767
0.959349593495935
0.9830508474576272
0.978448275862069
0.986784140969163
0.9598214285714286
0.9767441860465116
0.9666666666666667
0.9753694581280788
0.9646464646464646
0.9790575916230366
0.983957219251337
0.9510869565217391
0.9942857142857143
0.9827586206896551
0.9766081871345029
0.9940119760479041
0.9819277108433735
0.9877300613496932
0.9875776397515528
0.9811320754716981
0.9935897435897436
0.9935483870967742
0.9805194805194806
0.9933774834437086
0.9866666666666667
0.9864864864864865
1.0
0.9863013698630136
0.9930555555555556
0.993006993006993
0.9929577464788732
0.9858156028368794
1.0
0.9712230215827338
1.0
1.0
0.9851851851851852
1.0
1.0
1.0
1.0075187969924813
1.0
0.9850746268656716
1.0
1.0
1.0
1.0
1.0
0.9924242424242424
0.9923664122137404
0.9923076923076923
0.9844961240310077
0.9921259842519685
0.9841269841269841
0.9919354838709677
1.0
0.991869918699187
1.0
0.9836065573770492
1.0
1.0
1.0083333333333333
0.9834710743801653
0.9915966386554622
0.9830508474576272
1.0
1.0
0.9913793103448276
1.0
1.0
1.0
1.0
0.991304347826087
1.0
1.0
1.0
1.0
1.0
1.0
0.9912280701754386
0.9911504424778761
1.0089285714285714
1.0
1.0
1.0
1.0
1.0
1.008849557522124
1.0
1.0
1.0
1.0
1.0
1.0
1.0
1.0
1.0
1.0
1.0087719298245614
1.0
1.0
1.0
1.0
1.008695652173913
1.0
1.0
1.0
1.0258620689655173
0.9915966386554622
1.0084745762711864
1.0252100840336134
0.9918032786885246
1.024793388429752
0.9919354838709677
1.0
0.991869918699187
0.9918032786885246
0.9917355371900827
0.9916666666666667
1.0
0.9915966386554622
1.0254237288135593
0.9917355371900827
1.0
1.0333333333333334
1.0
1.0
1.0
1.0
0.9919354838709677
1.0
0.991869918699187
0.9918032786885246
1.0082644628099173
1.1475409836065573
1.0214285714285714
1.1748251748251748
0.9285714285714286
0.9358974358974359
0.958904109589041
1.0214285714285714
1.097902097902098
0.9808917197452229
1.025974025974026
1.0886075949367089
0.9418604651162791
1.0246913580246915
0.9939759036144579
1.0606060606060606
1.0057142857142858
1.1363636363636365
0.96
1.1666666666666667
0.9107142857142857
0.9901960784313726
0.995049504950495
1.0199004975124377
0.9902439024390244
1.0541871921182266
0.9579439252336449
1.0390243902439025
0.9812206572769953
1.014354066985646
0.9575471698113207
1.0147783251231528
0.9902912621359223
0.9803921568627451
1.005
0.9800995024875622
1.0203045685279188
1.0348258706467661
1.0048076923076923
1.0382775119617225
0.9539170506912442
1.0144927536231885
0.9714285714285714
1.0147058823529411
0.9903381642512077
1.0097560975609756
0.9758454106280193
1.0
0.9801980198019802
0.9848484848484849
0.9897435897435898
1.0
0.9948186528497409
0.9895833333333334
0.9894736842105263
0.9893617021276596
0.9946236559139785
0.9945945945945946
0.9891304347826086
0.989010989010989
1.1944444444444444
1.027906976744186
0.9366515837104072
0.9420289855072463
0.9794871794871794
0.9738219895287958
0.9946236559139785
0.9783783783783784
0.9834254143646409
0.9775280898876404
0.9885057471264368
0.9767441860465116
1.0297619047619047
0.976878612716763
0.9881656804733728
0.9820359281437125
0.9817073170731707
0.9813664596273292
0.9746835443037974
0.9805194805194806
1.0927152317880795
0.9818181818181818
0.9567901234567902
0.9741935483870968
0.9668874172185431
1.0684931506849316
0.9615384615384616
1.0866666666666667
0.9386503067484663
0.9738562091503268
0.9664429530201343
0.9583333333333334
0.9420289855072463
0.9769230769230769
0.984251968503937
1.0
0.976
0.9836065573770492
0.9916666666666667
0.9831932773109243
0.9914529914529915
0.9913793103448276
0.9826086956521739
0.9646017699115044
1.0
0.981651376146789
0.9813084112149533
0.9714285714285714
0.9901960784313726
0.9900990099009901
0.99
0.98989898989899
1.0
0.9897959183673469
1.0
1.0
0.979381443298969
0.9894736842105263
0.9893617021276596
1.0
0.978494623655914
1.0
0.978021978021978
1.0
0.9775280898876404
1.0
0.9770114942528736
0.9882352941176471
1.0
1.0
0.9880952380952381
0.9879518072289156
1.0121951219512195
1.1566265060240963
0.8854166666666666
1.0
0.9764705882352941
0.9518072289156626
1.0
1.0126582278481013
0.975
1.0384615384615385
1.037037037037037
0.9880952380952381
1.0
0.9879518072289156
1.0609756097560976
0.9885057471264368
1.1046511627906976
1.1368421052631579
0.9814814814814815
0.9622641509433962
0.9901960784313726
0.9900990099009901
0.92
1.25
1.373913043478261
1.1139240506329113
0.9886363636363636
1.103448275862069
0.9947916666666666
1.0
0.9790575916230366
0.9679144385026738
0.994475138121547
0.9944444444444445
0.9832402234636871
0.8977272727272727
1.0316455696202531
1.3987730061349692
1.0175438596491229
0.853448275862069
0.8888888888888888
1.1022727272727273
1.134020618556701
1.2545454545454546
1.1376811594202898
0.9585987261146497
1.079734219269103
0.9261538461538461
0.9335548172757475
1.0355871886120998
0.8969072164948454
1.0076628352490422
0.9771863117870723
1.0038910505836576
0.9844961240310077
0.9488188976377953
1.0
0.9336099585062241
1.0977777777777777
0.9352226720647774
1.1255411255411256
0.9576923076923077
0.9839357429718876
0.9918367346938776
1.0699588477366255
0.9769230769230769
1.094488188976378
1.039568345323741
1.0173010380622838
0.9897959183673469
1.0103092783505154
1.0068027210884354
1.0506756756756757
0.9935691318327974
1.0
1.1294498381877023
1.002865329512894
0.9942857142857143
1.0057471264367817
0.9628571428571429
1.0207715133531157
0.9476744186046512
1.107361963190184
0.9196675900277008
1.1686746987951808
0.7757731958762887
1.0564784053156147
0.8805031446540881
1.1142857142857143
0.8589743589743589
0.9365671641791045
0.9920318725099602
0.8674698795180723
0.9398148148148148
0.9310344827586207
0.9470899470899471
0.8268156424581006
0.9662162162162162
0.972027972027972
0.8489208633093526
0.9576271186440678
0.9557522123893806
0.9907407407407407
0.9439252336448598
0.9603960396039604
0.9381443298969072
0.967032967032967
0.8636363636363636
1.0
0.9736842105263158
1.0405405405405406
5.363636363636363
1.2469733656174333
1.233009708737864
1.0251968503937008
1.0307219662058371
0.9836065573770492
1.0227272727272727
0.9881481481481481
1.0359820089955023
0.9985528219971056
1.010144927536232
1.005738880918221
0.9942938659058488
1.007173601147776
0.9814814814814815
1.011611030478955
1.005738880918221
0.9900142653352354
1.0072046109510087
0.9971387696709585
1.0028694404591105
0.9885550786838341
0.9971056439942113
1.0014513788098693
0.9855072463768116
0.9897058823529412
1.0089153046062407
1.0147275405007363
1.0014513788098693
1.0057971014492753
0.9913544668587896
1.001453488372093
0.988388969521045
1.0
0.9941262848751835
1.0132939438700148
0.9956268221574344
1.0029282576866765
1.018978102189781
1.001432664756447
0.9899856938483548
0.9841040462427746
0.9897209985315712
1.0192878338278932
0.9970887918486172
1.0014598540145985
0.9956268221574344
1.0087847730600292
1.007256894049347
1.0100864553314122
0.9771754636233951
1.013138686131387
1.0014409221902016
1.0
0.981294964028777
1.0087976539589443
0.997093023255814
1.0087463556851313
0.9913294797687862
1.0043731778425655
0.9782293178519593
1.0222551928783383
0.9956458635703919
0.9985422740524781
0.9956204379562044
1.001466275659824
0.9985358711566618
0.9897360703812317
1.0177777777777777
0.992721979621543
1.0058651026392962
0.9883381924198251
0.9985250737463127
1.0132939438700148
0.967930029154519
1.0075301204819278
1.0029895366218236
1.0029806259314455
1.0029717682020802
1.0074074074074073
0.9985294117647059
0.9970544918998527
0.9970457902511078
0.9985185185185185
1.0148367952522255
0.9897660818713451
1.0014771048744462
0.9882005899705014
0.9940298507462687
1.0
1.0105105105105106
1.0029717682020802
0.997037037037037
1.0
0.9910846953937593
0.9895052473763118
1.0015151515151515
0.9773071104387292
1.0
1.001547987616099
1.001545595054096
0.9876543209876543
1.0015625
0.9734789391575663
1.0320512820512822
0.9875776397515528
0.9952830188679245
0.9921011058451816
1.0079617834394905
0.985781990521327
1.0144230769230769
1.0078988941548184
1.0344827586206897
1.003030303030303
1.001510574018127
1.009049773755656
1.0134529147982063
0.9882005899705014
0.9970149253731343
0.9880239520958084
1.0106060606060605
1.0
1.0044977511244377
1.01044776119403
0.9896602658788775
1.016417910447761
0.9911894273127754
1.002962962962963
1.0073855243722305
1.0
1.001466275659824
0.9912152269399708
0.983751846381093
1.003003003003003
1.0149700598802396
0.9985250737463127
1.0073855243722305
0.998533724340176
1.0058737151248165
0.9956204379562044
0.9824046920821115
0.9895522388059701
0.9909502262443439
0.9984779299847792
1.0060975609756098
0.9787878787878788
1.0061919504643964
0.9953846153846154
1.0293663060278206
0.990990990990991
1.0242424242424242
0.9985207100591716
1.008888888888889
0.986784140969163
0.9985119047619048
0.9895678092399404
1.0150602409638554
0.9985163204747775
0.9985141158989599
0.9895833333333334
0.9864661654135338
0.9908536585365854
1.0184615384615385
1.001510574018127
1.0015082956259427
0.9774096385542169
1.0200308166409862
0.9909365558912386
0.9862804878048781
1.0139103554868625
1.016768292682927
1.0059970014992503
0.9955290611028316
0.9820359281437125
0.989329268292683
1.00462249614792
1.0122699386503067
1.0015151515151515
1.0
1.0151285930408471
0.9821162444113264
0.9833080424886191
0.9598765432098766
1.040192926045016
0.9953632148377125
0.9767080745341615
1.0222575516693164
0.9797822706065319
1.0095238095238095
0.9638364779874213
0.9755301794453507
1.0668896321070234
0.9968652037617555
0.9968553459119497
0.9716088328075709
0.9301948051948052
1.1465968586387434
0.9786910197869102
1.0077760497667185
0.970679012345679
0.9920508744038156
1.044871794871795
1.0153374233128833
1.0196374622356494
0.9437037037037037
0.9748822605965463
1.0789049919484701
0.9567164179104478
1.0202808112324493
0.9954128440366973
1.0046082949308757
0.9801223241590215
0.9734789391575663
0.9951923076923077
1.003220611916264
0.9791332263242376
1.0311475409836066
0.9268680445151033
1.0737564322469983
0.9408945686900958
1.061120543293718
0.944
1.0254237288135593
1.0231404958677686
1.0048465266558966
1.0192926045016077
1.025236593059937
0.9923076923076923
1.027906976744186
1.004524886877828
1.009009009009009
1.0074404761904763
1.0014771048744462
0.9970501474926253
0.9985207100591716
1.008888888888889
0.9779735682819384
0.9984984984984985
1.0165413533834586
0.9955621301775148
1.0
1.0
1.0
0.9791976225854383
1.0030349013657056
0.9848714069591528
1.021505376344086
0.9849624060150376
1.015267175572519
0.9789473684210527
1.0030721966205838
1.007656967840735
1.0151975683890577
1.0044910179640718
1.007451564828614
0.9911242603550295
1.019402985074627
0.9956076134699854
0.9897058823529412
0.9791976225854383
0.9954476479514416
0.9649390243902439
0.9936808846761453
1.0047694753577106
0.935126582278481
1.0592216582064298
0.9792332268370607
1.0391517128874388
0.9858712715855573
1.019108280254777
0.990625
1.003154574132492
0.9889937106918238
1.0079491255961843
0.9889589905362776
1.0079744816586922
0.9509493670886076
1.0332778702163061
0.9516908212560387
1.0524534686971234
0.9614147909967846
1.0234113712374582
0.9607843137254902
1.0493197278911566
0.9173419773095624
1.127208480565371
0.9467084639498433
1.0480132450331126
0.9747235387045814
1.040518638573744
0.9781931464174455
1.036624203821656
0.967741935483871
1.0444444444444445
0.9756838905775076
1.0186915887850467
0.9908256880733946
1.0200617283950617
0.9652042360060514
1.0376175548589341
0.9667673716012085
1.01875
0.9769938650306749
1.0266875981161696
0.9388379204892966
1.0765472312703583
0.9425113464447806
1.0449438202247192
0.9615975422427036
1.023961661341853
0.9859594383775351
0.9984177215189873
1.0095087163232963
0.9262166405023547
1.0389830508474576
0.9722675367047309
1.0184563758389262
1.0032948929159802
1.0032840722495895
0.9983633387888707
1.0327868852459017
0.9492063492063492
1.0317725752508362
0.9448946515397083
1.0463121783876501
0.9606557377049181
1.0102389078498293
0.9746621621621622
1.072790294627383
0.9030694668820679
1.1395348837209303
0.8979591836734694
1.0751748251748252
0.9658536585365853
1.0437710437710437
0.9467741935483871
1.0954003407155026
0.838258164852255
1.1539888682745825
0.9662379421221865
0.9983361064891847
1.0733333333333333
0.8975155279503105
0.9878892733564014
1.085814360770578
0.9419354838709677
1.1695205479452055
0.9809663250366032
0.9477611940298507
0.9984251968503937
0.943217665615142
1.0518394648829432
0.931637519872814
1.07679180887372
0.8874801901743264
1.0803571428571428
0.9338842975206612
1.0371681415929204
1.0409556313993173
1.018032786885246
0.9919484702093397
1.0454545454545454
1.046583850931677
0.9866468842729971
0.9819548872180451
0.9647779479326187
1.0238095238095237
1.0155038759689923
1.0122137404580154
1.0165912518853695
0.9925816023738873
0.9701046337817638
1.0200308166409862
0.9894259818731118
1.0213740458015268
0.9805680119581465
1.0259146341463414
0.9658246656760773
1.0184615384615385
0.9788519637462235
1.0092592592592593
1.003058103975535
0.9984756097560976
0.9923664122137404
1.0584615384615386
0.9811046511627907
1.0074074074074073
0.9985294117647059
1.01620029455081
1.0057971014492753
0.9899135446685879
1.0087336244541485
1.0014430014430014
0.9884726224783862
0.9985422740524781
0.9927007299270073
1.0102941176470588
1.002911208151383
1.0014513788098693
1.0043478260869565
0.976911976911977
1.0265878877400296
0.9841726618705036
0.9926900584795322
1.0
1.0147275405007363
0.9898403483309144
0.9970674486803519
1.0029411764705882
0.9897360703812317
1.0207407407407407
0.9796806966618288
0.9985185185185185
1.010385756676558
0.9838472834067548
0.9850746268656716
1.0015151515151515
0.9742813918305597
1.0217391304347827
0.9498480243161094
1.0592
0.945619335347432
1.0638977635782747
0.9324324324324325
1.0724637681159421
0.9414414414414415
1.0334928229665072
0.9891975308641975
0.9906396255850234
0.9937007874015747
1.0206022187004755
0.9984472049689441
1.0404354587869362
0.9850523168908819
1.0257966616084977
1.007396449704142
0.9941262848751835
1.0014771048744462
1.0058997050147493
0.9868035190615836
1.0
1.0029717682020802
0.997037037037037
0.9985141158989599
1.0014880952380953
0.9985141158989599
1.0104166666666667
1.0147275405007363
0.9796806966618288
1.0251851851851852
1.0072254335260116
0.9928263988522238
0.9942196531791907
1.005813953488372
0.9927745664739884
0.9970887918486172
1.0014598540145985
0.9708454810495627
1.0135135135135136
0.9851851851851852
1.0135338345864662
0.9821958456973294
1.0166163141993958
0.9643387815750372
1.0431432973805854
0.9556868537666174
1.0602782071097372
0.9387755102040817
1.0543478260869565
0.9882179675994109
1.007451564828614
0.9689349112426036
1.0
1.0045801526717557
0.9908814589665653
0.9984662576687117
0.9831029185867896
1.03125
0.9848484848484849
1.0015384615384615
0.9815668202764977
1.0328638497652582
0.9606060606060606
1.0362776025236593
0.9360730593607306
1.0715447154471545
0.9241274658573596
1.0755336617405582
0.9358778625954198
1.0554649265905383
0.98145285935085
1.0188976377952756
1.027820710973725
0.9894736842105263
1.0045592705167172
0.9969742813918305
0.992412746585736
0.9831804281345565
1.0139968895800933
0.9861963190184049
0.9937791601866252
0.9687010954616588
1.0226171243941842
0.9794628751974723
1.020967741935484
0.9447077409162717
1.040133779264214
0.9710610932475884
1.009933774834437
0.9868852459016394
1.0382059800664452
0.9232
1.072790294627383
0.9563812600969306
0.9780405405405406
1.077720207253886
1.0032051282051282
1.0079872204472844
0.9778129952456418
1.0145867098865478
0.9728434504792333
1.0459770114942528
0.9733124018838305
0.9806451612903225
1.0
0.9851973684210527
1.010016694490818
0.9752066115702479
1.0220338983050847
0.9601990049751243
1.0328151986183074
0.9715719063545151
1.0499139414802066
0.9819672131147541
1.006677796327212
0.9900497512437811
1.0
1.001675041876047
0.9899665551839465
1.0236486486486487
0.9752475247524752
1.0321489001692048
0.9868852459016394
0.9933554817275747
1.0016722408026757
0.9833055091819699
1.035653650254669
0.9475409836065574
1.041522491349481
0.9634551495016611
1.056896551724138
0.967373572593801
1.0438448566610454
0.9951534733441034
1.025974025974026
0.9984177215189873
1.0316957210776545
1.0076804915514592
0.9832317073170732
0.9968992248062015
0.9673405909797823
0.9887459807073955
1.0276422764227642
0.9746835443037974
1.0
0.9935064935064936
0.9738562091503268
0.9983221476510067
1.0470588235294118
1.0160513643659712
1.037914691943128
0.9954337899543378
0.9923547400611621
0.9229583975346687
0.9782971619365609
1.022184300341297
0.9799666110183639
1.081771720613288
0.9622047244094488
1.0376432078559739
0.9258675078864353
1.0442930153321976
0.8939641109298532
1.1204379562043796
0.8973941368078175
1.0798548094373865
0.8974789915966387
1.0655430711610487
0.8857644991212654
1.1468253968253967
1.0034602076124568
1.0086206896551724
0.9846153846153847
0.984375
1.126984126984127
0.9906103286384976
0.9557661927330173
0.9752066115702479
0.9830508474576272
1.089655172413793
1.0205696202531647
0.924031007751938
0.9966442953020134
1.0168350168350169
0.9205298013245033
1.0125899280575539
0.8809946714031972
1.0887096774193548
0.9814814814814815
1.0509433962264152
1.0233393177737882
1.012280701754386
1.0415944540727904
1.0033277870216306
0.9684908789386402
1.0890410958904109
0.9889937106918238
0.9936406995230525
0.9488
1.0202360876897134
1.018181818181818
1.0097402597402598
1.0032154340836013
1.0096153846153846
0.9777777777777777
1.0064935064935066
0.9806451612903225
1.0625
0.9489164086687306
0.9755301794453507
1.0150501672240804
0.9604612850082372
1.1269296740994854
0.8751902587519026
1.0904347826086958
0.9043062200956937
1.0388007054673722
0.9456706281833617
1.0718132854578097
0.9597989949748744
1.0558464223385688
0.9917355371900827
0.97
1.0515463917525774
0.9411764705882353
1.0503472222222223
0.8876033057851239
1.13780260707635
0.9378068739770867
1.0663176265270506
0.900163666121113
1.0618181818181818
0.9794520547945206
1.034965034965035
0.9695945945945946
1.0627177700348431
0.9672131147540983
1.023728813559322
1.0231788079470199
0.970873786407767
1.03
1.0080906148867315
1.0224719101123596
0.9717425431711146
1.0032310177705976
1.0193236714975846
0.9747235387045814
0.9789303079416531
0.9884105960264901
1.020100502512563
0.9408866995073891
1.012216404886562
0.9448275862068966
1.0419708029197081
0.9159369527145359
1.0688336520076482
0.964221824686941
1.0148423005565863
0.926873857404022
1.0848126232741617
0.8581818181818182
1.2097457627118644
0.8774080560420315
1.12375249500998
0.8845470692717584
1.1325301204819278
0.8900709219858156
1.0398406374501992
0.8697318007662835
1.1013215859030836
1.008
0.9365079365079365
1.0677966101694916
0.7896825396825397
1.185929648241206
0.8813559322033898
1.1346153846153846
0.864406779661017
1.161764705882353
0.8481012658227848
1.0796019900497513
1.0
1.0599078341013826
0.7913043478260869
1.3296703296703296
0.8925619834710744
1.099537037037037
0.9726315789473684
1.0562770562770563
0.9385245901639344
1.1572052401746724
0.869811320754717
1.1973969631236443
0.855072463768116
1.0466101694915255
1.1902834008097165
0.9319727891156463
1.0383211678832116
0.968365553602812
0.9455535390199638
0.9654510556621881
0.9602385685884692
1.020703933747412
0.8823529411764706
1.0597701149425287
0.8915401301518439
1.2384428223844282
0.8546168958742633
1.0367816091954023
0.8536585365853658
0.9636363636363636
0.889487870619946
1.093939393939394
0.9556786703601108
1.2347826086956522
0.9671361502347418
1.1868932038834952
1.0368098159509203
0.9921104536489151
1.0497017892644136
0.8996212121212122
1.1894736842105262
0.8442477876106195
0.9580712788259959
0.8402625820568927
0.8359375
0.8566978193146417
0.9454545454545454
0.9846153846153847
1.04296875
0.700374531835206
0.9572192513368984
0.8268156424581006
0.9324324324324325
0.9057971014492754
0.976
0.9672131147540983
1.0
1.0
0.9830508474576272
0.9827586206896551
0.9824561403508771
0.9732142857142857
0.981651376146789
0.9813084112149533
1.0
0.9809523809523809
0.9611650485436893
1.0
1.0303030303030303
3.9411764705882355
1.2164179104477613
1.1717791411042944
1.006980802792321
1.0
1.0034662045060658
0.9412780656303973
1.1027522935779817
0.9500831946755408
0.9964973730297724
1.0140597539543057
0.878682842287695
1.1183431952662721
0.9682539682539683
1.0145719489981786
0.8886894075403949
1.1090909090909091
0.7704918032786885
1.260047281323877
0.8986866791744841
1.0751565762004176
0.8524271844660194
0.9817767653758542
1.0464037122969838
0.88470066518847
1.0852130325814537
0.8937644341801386
1.0671834625322998
0.937046004842615
1.082687338501292
0.9140811455847255
1.1723237597911227
0.8685968819599109
1.1692307692307693
0.9342105263157895
1.056338028169014
0.8933333333333333
1.1940298507462686
0.7791666666666667
1.304812834224599
0.7745901639344263
1.2380952380952381
0.8333333333333334
1.2769230769230768
0.8152610441767069
1.2660098522167487
0.9105058365758755
0.905982905982906
1.0188679245283019
0.9166666666666666
1.3080808080808082
0.8648648648648649
1.1339285714285714
0.9291338582677166
1.0423728813559323
0.926829268292683
1.0526315789473684
0.9416666666666667
1.176991150442478
0.9022556390977443
1.1083333333333334
0.8308270676691729
1.2307692307692308
0.7830882352941176
1.2206572769953052
0.9
1.0512820512820513
0.991869918699187
1.0450819672131149
0.9921568627450981
0.9920948616600791
1.0637450199203187
0.8164794007490637
1.2522935779816513
0.6923076923076923
1.433862433862434
0.7453874538745388
1.1633663366336633
0.9659574468085106
1.1277533039647578
0.796875
1.1862745098039216
0.743801652892562
1.3222222222222222
0.6260504201680672
1.4496644295302012
0.8888888888888888
1.25
0.9041666666666667
0.9631336405529954
1.138755980861244
0.8781512605042017
1.0861244019138756
0.9691629955947136
1.1272727272727272
0.8991935483870968
1.1121076233183858
0.9153225806451613
1.0969162995594715
0.9357429718875502
1.0772532188841202
0.8764940239043825
1.0863636363636364
0.8786610878661087
1.1666666666666667
0.889795918367347
1.18348623853211
0.8682170542635659
1.03125
0.9653679653679653
1.0717488789237668
0.8828451882845189
1.132701421800948
0.7238493723849372
1.416184971098266
0.6938775510204082
1.5411764705882354
0.6603053435114504
0.930635838150289
0.8881987577639752
0.916083916083916
1.0687022900763359
0.8785714285714286
0.8861788617886179
0.9174311926605505
0.87
0.9080459770114943
1.0759493670886076
0.8823529411764706
0.8933333333333333
0.8507462686567164
