0.6666666666666666
0.5434782608695653
0.4285714285714286
0.6037735849056604
0.40495867768595045
0.25
0.2
0.5
0.7272727272727273
0.5294117647058824
0.21052631578947367
0.8620689655172414
0.21052631578947367
0.5294117647058824
0.3333333333333333
0.6666666666666666
0.14285714285714285
0.6666666666666666
0.6666666666666666
0.15789473684210528
0.8421052631578947
0.11688311688311687
0.0391304347826087
0.9337016574585636
0.08080808080808081
0.875
0.2
0.7368421052631579
0.2958579881656805
0.6736596736596737
0.37764932562620424
0.6170940170940171
0.45714285714285713
0.47058823529411764
0.5744680851063829
0.43859649122807015
0.5322245322245323
0.45271629778672035
0.597107438016529
0.35578947368421054
0.542713567839196
0.5632183908045977
0.3642785065590313
0.6284916201117319
0.47400241837968565
0.5175384615384616
0.45031591039632396
0.5902439024390245
0.400990099009901
0.6173469387755103
0.4122691292875989
0.510146955913226
0.5181758096497026
0.49090909090909085
0.5294117647058824
0.48120300751879697
0.5370558375634518
0.4163783160322953
0.585956416464891
0.3707093821510298
0.6231306081754736
0.3951612903225806
0.6344647519582245
0.34602076124567477
0.6511627906976745
0.32307692307692304
0.657608695652174
0.3393854748603352
0.6431304347826087
0.482620320855615
0.500772797527048
0.46463022508038593
0.5650020635575732
0.3997504159733777
0.597877358490566
0.4368231046931408
0.5588615782664941
0.4063424947145878
0.612812248186946
0.34395132426628494
0.6236589497459063
0.4041530054644809
0.6297266941220517
0.426784993949173
0.5370163274435249
0.4246173201929126
0.5921450151057402
0.41921397379912656
0.5703001579778831
0.4722222222222222
0.51
0.47516326934494363
0.5620453128247765
0.4061058642653196
0.5995565410199556
0.4192015209125475
0.550186799501868
0.42603686635944704
0.608667388949079
0.3902654867256637
0.6109353818346136
0.3833523375142531
0.6166476624857469
0.397493497280681
0.5654733867169099
0.40785498489425986
0.6153846153846154
0.4266211604095563
0.5327896704043493
0.4737666405638214
0.5176132278936018
0.500067195269453
0.48843710292249054
0.5564639754726621
0.4590163934426229
0.5045045045045045
0.5095165908708101
0.4503664223850767
0.5663939584644431
0.43828990482134494
0.566393958464443
0.3882825962090753
0.5986224913905711
0.4146628717244087
0.5914005531807895
0.4239204160072349
0.5621478514696898
0.4663597956996028
0.5761007127156464
0.4333306955764817
0.516508406655632
0.4452976567447751
0.6154131985731273
0.3782473981091602
0.581949799354788
0.4056790968183373
0.638520280420631
0.39868169253667873
0.5166959578207381
0.49514066496163683
0.5245784849204465
0.48645949597603244
0.5192411598727261
0.4330853979083944
0.584436027350091
0.4195002048340844
0.5759182127981826
0.3922510406660263
0.6403893528810911
0.4009378663540446
0.5598316295850873
0.5183173143891907
0.4290020625099159
0.5401086113266098
0.46839184026526337
0.5615857384178558
0.39720371912295305
0.6435828253555845
0.34597287572654295
0.6186780840246187
0.39234391981644723
0.5909458803215886
0.46775259803791946
0.5266364852936989
0.4634710645744964
0.5495355556245923
0.4320436667201798
0.5809386186738481
0.3955928989439958
0.6637010064923912
0.30475933977145936
0.6712475672240537
0.3491864831038799
0.6552179656538969
0.37210559952804684
0.575356581159499
0.4402173913043478
0.5288207297726071
0.47575360419397117
0.5752330226364847
0.35741606459838504
0.6282051282051282
0.40148698884758366
0.6052631578947367
0.43792840822543794
0.5681399977468173
0.3884400248601616
0.650571791613723
0.33704735376044564
0.6120499632623072
0.42977528089887646
0.5364375697655877
0.4934690157958687
0.5132932272462642
0.47136735488897546
0.5817665246093423
0.35772603568188693
0.6856106408706167
0.3218992053113369
0.6357376867121995
0.37219085575113475
0.6009198844796235
0.428956228956229
0.5663716814159292
0.4482758620689655
0.5060863150129103
0.557283185375847
0.39279834298157096
0.6194881592840263
0.4061680478338403
0.5623783783783783
0.4715320334261838
0.5193658800216178
0.43432604579101386
0.6002778074580618
0.39470594513822177
0.6586319967784617
0.32598425196850395
0.6642599277978338
0.3170570768723194
0.6322197939431783
0.4135758270084491
0.6336368505623995
0.31925675675675674
0.6260586319218241
0.46857142857142864
0.5256410256410257
0.4488524590163934
0.5648521505376344
0.4017051975733727
0.6111411156546563
0.398279041180086
0.5956923076923077
0.39694599627560523
0.6337701235492325
0.34411651973936375
0.6583193789008981
0.36219138292722286
0.5834140826873385
0.45366898768077135
0.5532381997804611
0.4552710342534088
0.6035714285714285
0.36874051593323215
0.5502418054809243
0.5087347803070408
0.4707528687377554
0.5085417520841875
0.5385261978145138
0.3791937581274382
0.6828285154900381
0.3490338164251207
0.5859167404782994
0.45291211259170544
0.46989803045118034
0.5818159599169008
0.4695171297545185
0.46640826873385005
0.5820501539815223
0.33156498673740054
0.6881720430107527
0.31843998485422187
0.6823925863521483
0.4997043169722058
0.3735204599256003
0.5802821932487945
0.47746371275783034
0.43033246171087036
0.6079072047051135
0.4140443855581319
0.5593614898570003
0.5239694086924082
0.3461469694260683
0.6927106067219555
0.41025641025641024
0.4800000000000001
0.5671140939597316
0.3682533359888468
0.6732404559435499
0.4257784214337437
0.4300254452926208
0.6416040100250626
0.31212381771281167
0.7163323782234957
0.3103448275862069
0.5594405594405594
0.5371498172959805
0.4074492099322799
0.6527415143603134
0.3798449612403101
0.5396290050590219
0.5279416869142659
0.41960072595281306
0.6641643619122877
0.24490595611285268
0.734130940511798
0.26968659468001055
0.6938409408012756
0.4242312649604124
0.5392589748512191
0.47564687975646874
0.5350217649386625
0.45934705760033273
0.5256518082422204
0.5004344048653345
0.4685562444641275
0.6151574803149606
0.299792531120332
0.7221396731054978
0.29156626506024097
0.6452566514377855
0.45571062375391624
0.4472214054689797
0.5572653884964682
0.4628571428571429
0.5580357142857143
0.43642921550946795
0.6469979296066253
0.2555171496942303
0.7654381254576519
0.316848005275305
0.6036155202821869
0.4006669842782278
0.5788683024536805
0.4211316975463195
0.5324735145094427
0.5375164545853445
0.40108514190317196
0.6146252285191957
0.43920972644376904
0.5359801488833748
0.38170347003154576
0.668988576205071
0.4041159962581853
0.6282527881040891
0.2669799231097822
0.7011952191235059
0.37078651685393255
0.6182965299684543
0.2915662650602409
0.732152739346984
0.39534408821727585
0.5504610017443309
0.4599179206566348
0.5245316681534344
0.41052631578947374
0.6459627329192547
0.38692390139335475
0.542296918767507
0.4885072655217965
0.5626271432723046
0.3930060956047482
0.6535878402262284
0.2977592100265857
0.6601213852195644
0.42751479289940825
0.5514893617021276
0.394337299958966
0.6759147567350221
0.2819015846538782
0.6933962264150944
0.4249291784702549
0.4915254237288136
0.4833333333333334
0.5603498542274052
0.42092154420921546
0.5710659898477157
0.42092154420921546
0.5689757252812315
0.46583481877599514
0.46904629113218077
0.5324735145094427
0.5296152183311716
0.44833625218914186
0.5031055900621119
0.5201560468140443
0.4942663922375772
0.511904761904762
0.47777777777777775
0.5222222222222221
0.5529411764705883
0.36263184329482673
0.6688073394495413
0.29797771357820885
0.6633795754638141
0.4477207523111253
0.51851217003771
0.5003562522265764
0.45408519553072624
0.5973914535781706
0.4380952380952381
0.4646464646464646
0.5812124974136147
0.39477977161500816
0.6348178137651822
0.3897519128217018
0.5739153026760198
0.43620501635768805
0.5127118644067797
0.495318352059925
0.5661400613062957
0.39033910709929254
0.6500874781304673
0.3335148380070787
0.6162075421235624
0.4322447930059141
0.5695827725437417
0.4404865334491746
0.5126416739319964
0.5177821338560626
0.4880952380952381
0.4939759036144578
0.5444444444444445
0.4354838709677419
0.6051437216338881
0.38209904588823257
0.596183599793708
0.4168096054888507
0.591715976331361
0.3781272337383845
0.6351963746223565
0.37821612349914235
0.5749770009199633
0.45703493862134087
0.5004730368968779
0.532347504621072
0.44649446494464945
0.5992329817833173
0.3484555984555984
0.680672268907563
0.3333333333333333
0.5614035087719298
0.5656108597285068
0.41025641025641024
0.5950506186726658
0.43902439024390244
0.5454545454545454
0.3623188405797102
0.6826516220028209
0.3756260434056761
0.516994633273703
0.5595854922279793
0.4098360655737705
0.6242774566473989
0.33072407045009783
0.6648250460405156
0.35188509874326745
0.6170940170940171
0.4280936454849498
0.5912408759124088
0.3310810810810811
0.657608695652174
0.3707093821510298
0.5813953488372093
0.43859649122807015
0.6404002501563477
0.4290348742903487
0.46718146718146714
0.532347504621072
0.440466278101582
0.6187845303867404
0.3772455089820359
0.6167883211678832
0.4008016032064128
0.4948550046772685
0.5590490797546013
0.4909662215239592
0.460431654676259
0.6151898734177215
0.3484555984555984
0.7014590347923682
0.26273458445040215
0.6836158192090396
0.34594594594594597
0.6402116402116402
0.3848202396804261
0.5772251308900523
0.4386391251518834
0.5365853658536585
0.5238095238095238
0.3853564547206166
0.6366389099167298
0.39050847457627114
0.5558126084441875
0.5079365079365079
0.48484848484848486
0.5008665511265165
0.5436241610738255
0.4555160142348754
0.5079086115992971
0.5540479421076435
0.3812330009066183
0.6361355081555834
0.4043126684636119
0.53125
0.4473684210526316
0.6112266112266113
0.4120317820658343
0.572324414715719
0.3997504159733777
0.710415693601121
0.23710729104919975
0.6940726577437858
0.26666666666666666
0.7619047619047619
0.28957528957528955
0.73831123517097
0.2740026304252521
0.6334310850439883
0.4716981132075471
0.434589800443459
0.5711462450592885
0.5023523261892316
0.45740956826137685
0.5172413793103449
0.46875
0.6583143507972665
0.26881720430107525
0.6994535519125683
0.3142857142857143
0.6923076923076923
0.3142857142857143
0.650571791613723
0.3174200101574403
0.6621621621621622
0.4354838709677419
0.5524861878453039
0.38388625592417064
0.6582278481012659
0.335243553008596
0.6673279111287442
0.4146669656873738
0.48008534850640117
0.507908611599297
0.5515300738656349
0.35816618911174786
0.6666666666666666
0.32160804020100503
0.7431192660550459
0.2922465208747515
0.6201847792045099
0.4280866425992779
0.544660661486626
0.4216166913692852
0.648244213886672
0.2835934204976803
0.7167393058918482
0.3964060660619071
0.5098324022346369
0.5292821158690176
0.4127137685682187
0.6139421437750794
0.4009397024275646
0.6134969325153374
0.3229717633656115
0.6662560059135149
0.4119875222816399
0.6056495348392881
0.365625
0.6842105263157894
0.267223382045929
0.7002881844380403
0.2791081750619323
0.6951949363347536
0.4171256885327992
0.5315095261358085
0.5027455602282164
0.5018483728258893
0.4935613600357477
0.5744322703066658
0.364520340846619
0.6377617972809826
0.38013379625709204
0.5921623234533518
0.44700322234156825
0.552171055079438
0.4479282834348461
0.5627646702964306
0.42159789288849864
0.5640232108317215
0.44944774851316904
0.5498806682577566
0.4304737516005122
0.5903507699828893
0.41000069017875634
0.6066402020931072
0.38770821367030445
0.588593818023509
0.41157256182921137
0.589499404799198
0.3951675759937646
0.6381387619443291
0.3444333614670452
0.7069796501249553
0.2521793929209117
0.7395424081349665
0.2924267551133223
0.6313193588162762
0.38672768878718533
0.6151843223242429
0.41244695898161243
0.5972653822249845
0.42151481888035125
0.49177538287010775
0.5233644859813085
0.5233644859813085
0.44899016053858104
0.6026711185308848
0.3127659574468085
0.7144622991347342
0.26491516146688565
0.7887021357260205
0.30323393532129356
0.49163879598662213
0.49484536082474223
0.5664739884393063
0.4525706010137581
0.5146487822096717
0.5138440631900799
0.46399074991741
0.62149616139975
0.3262642740619902
0.7101449275362319
0.2800875273522976
0.6700030330603579
0.36386528171230725
0.6522045855379188
0.2983327421071302
0.695137976346912
0.2739432851792402
0.7166975499279391
0.35475825019186497
0.57
0.4871794871794872
0.5437245129134571
0.40423082457907616
0.6333643740854064
0.3315757204169222
0.6349577780038661
0.47354286851004584
0.4817040454984441
0.49705822682085604
0.5105351482379266
0.5630067060354319
0.37305755010181113
0.6245124204475467
0.38718775181305404
0.6245124204475467
0.38265362207321096
0.6023704392284452
0.3968853232656914
0.616786981524532
0.34784683287605866
0.6662546353522868
0.3696236559139785
0.6062938951917882
0.41956684092606417
0.554475028844569
0.4197192189769243
0.5871391477012372
0.42221554186081467
0.5732180137190576
0.39512195121951227
0.6193548387096773
0.3984205104727023
0.5815146224356176
0.49519456165025777
0.4594772967265047
0.6156351791530945
0.3333333333333333
0.5848563968668408
0.4815703754500257
0.555640243902439
0.4275618374558304
0.5065963060686015
0.5103001765744556
0.5761772853185595
0.3471810089020771
0.6597600872410033
0.403530895334174
0.512330285397617
0.5358427899252699
0.43444730077120824
0.6261595547309833
0.34248039914469
0.6759147567350221
0.29714285714285715
0.7452229299363058
0.2828854314002829
0.5382165605095541
0.5188155459592844
0.5084745762711864
0.5660377358490566
0.35527199462726666
0.6692810457516339
0.36778115501519754
0.6305970149253731
0.25194401244167963
0.7756373937677054
0.2838709677419355
0.7333333333333334
0.2819843342036554
0.6845564074479736
0.35020519835841313
0.48456375838926186
0.6274509803921569
0.4576271186440678
0.47058823529411764
0.45714285714285713
0.7632135306553912
0.15555555555555556
0.6511627906976745
0.4716981132075471
0.6428571428571428
0.36363636363636365
0.620253164556962
0.373134328358209
0.5454545454545454
0.5217391304347826
0.4019933554817276
0.6502890173410404
0.3829113924050633
0.5827586206896552
0.4368231046931408
0.5669291338582677
0.390625
0.6525096525096525
0.3616071428571428
0.6914285714285715
0.29032258064516125
0.5423728813559322
0.5586206896551724
0.64
0.2
0.7619047619047619
0.2577319587628866
0.6982758620689655
0.3310810810810811
0.6836158192090396
0.49230769230769234
0.4285714285714286
0.46153846153846145
0.47572815533980584
0.5625
0.5625
0.3525179856115108
0.6711409395973155
0.4495412844036697
0.36363636363636365
0.7297297297297297
0.31645569620253167
0.7058823529411764
0.23076923076923073
0.6756756756756757
0.22535211267605634
0.7707006369426752
0.2793103448275862
0.7412731006160165
0.28405797101449276
0.7176220806794056
0.38692390139335475
0.5481313703284258
0.44500504540867813
0.5863039399624765
0.34834123222748814
0.6258620689655172
0.3589839372431827
0.7078534031413612
0.3616071428571428
0.5734597156398105
0.446927374301676
0.5844155844155844
0.37017994858611825
0.6192932679907145
0.44958545065525546
0.500141763538418
0.5058823529411764
0.45744680851063824
0.5901974132062628
0.434589800443459
0.5011135857461024
0.5213849287169042
0.48432361324270995
0.520824295010846
0.42901534278500675
0.6003001500750376
0.4076163610719323
0.5565839293226756
0.4236746390389067
0.600243966193256
0.442862919530934
0.5604914164836059
0.43321681164132997
0.5565985643290999
0.4314824248599083
0.5996256239600666
0.4129046465536225
0.5615367094374004
0.4628776641423999
0.5003518098663122
0.4834725243876764
0.5230179818327876
0.4273010226767452
0.6169270226159943
0.4616269515201315
0.483504693786321
0.5593427804717293
0.40985680311693573
0.6051588350335642
0.41703492947514986
0.5495251017639078
0.44692737430167595
0.5667447306791569
0.36341916644544736
0.6646713286713287
0.34162978391043997
0.6337603617181613
0.41069518716577547
0.6060436485730274
0.392817287207061
0.6015058104642915
0.39616999252400936
0.5724098454493418
0.4525139664804469
0.5537361623616236
0.4453275529865125
0.5846235278549688
0.37372887299249596
0.5787111253606925
0.4528934861615879
0.5643385286451407
0.4222630156544797
0.6128444084278768
0.4389151530231401
0.5162776412776412
0.4298158477878811
0.576831986625801
0.4648575882102876
0.5091271894168946
0.5062871771703938
0.45544771217981456
0.5671529347304979
0.4228329809725158
0.618689581095596
0.34657958061189414
0.6635298896486358
0.36528999552706126
0.6155126498002663
0.41296928327645055
0.5433962264150943
0.45318352059925093
0.5321018472291562
0.45715063027115266
0.5515544253957838
0.494206885054597
0.45263679947098695
0.5846640316205534
0.41100693028944146
0.6395939086294417
0.3128491620111732
0.6858425132598939
0.2818410509643157
0.693509143709285
0.4559102830785927
0.4664085629697108
0.4929832503395202
0.49088359046283303
0.5657982631930528
0.4098758246022507
0.619392616117507
0.3700829257920476
0.5946088794926004
0.416256157635468
0.5783523306459086
0.44937637564196625
0.5445973976994154
0.44226660473757545
0.6011944899335324
0.349006301502666
0.6903965599617774
0.316749945687595
0.640168342296002
0.42255169722980884
0.5733397037744864
0.3966600826001077
0.5816023738872405
0.456418383518225
0.5051546391752577
0.5268817204301075
0.4051904562578485
0.6565183450429352
0.33812341504649196
0.6633303002729755
0.3603579889444591
0.5433324389589482
0.4948550046772685
0.532347504621072
0.41868512110726647
0.6292134831460674
0.3818181818181819
0.6259927797833934
0.36850605652759083
0.6559206447613143
0.3230437903804738
0.6438146304098047
0.408067940552017
0.5019539730785931
0.5079777365491651
0.5948377004301916
0.3785610816030903
0.5993395707209687
0.3903002309468822
0.6023529411764705
0.4681440443213296
0.4330827067669173
0.5836224843858432
0.43493389004871263
0.5110821382007823
0.696594427244582
0.1891891891891892
0.7466666666666666
0.3077578857630009
0.6390577507598785
0.4532269760696156
0.5003700962250185
0.4593572778827977
0.5817307692307692
0.45118025751072965
0.569988137603796
0.37924757281553395
0.6173469387755103
0.44999999999999996
0.5510204081632653
0.4176013805004314
0.5127153404429861
0.6054817275747508
0.3484555984555984
0.6338742393509128
0.3756503642039542
0.579476861167002
0.4898785425101214
0.44500504540867813
0.5749770009199633
0.40033085194375523
0.5860627177700348
0.48214285714285704
0.5510204081632653
0.3820047355958958
0.5860627177700348
0.47306943543153795
0.5003190810465857
0.54574951330305
0.3950695322376738
0.6353558926487749
0.43103448275862066
0.4464285714285714
0.5965238981998758
0.45614035087719296
0.5098039215686274
0.49019607843137253
0.5555555555555556
0.35555555555555557
0.6271439224459359
0.4438920454545454
0.5013755158184319
0.5178571428571429
0.5370370370370371
0.4263301500682128
0.5285983658076681
0.44955044955044965
0.5524100994644223
0.5264797507788163
0.561038961038961
0.35578947368421054
0.649438202247191
0.3687580025608195
0.5075437537718769
0.5788683024536805
0.43597719025401765
0.5854774156660949
0.3517163759144626
0.6926777124532335
0.3017683970336566
0.6678220681686886
0.33191715347849177
0.6780584447746408
0.2934027777777778
0.7128129602356407
0.3688524590163934
0.5314533622559653
0.5607961921246213
0.42197691921726044
0.5666851134477033
0.38107684265551484
0.61307657859382
0.40894568690095845
0.6097560975609756
0.39628482972136225
0.5492957746478874
0.48750000000000004
0.6062026685899748
0.34690265486725663
0.6315789473684211
0.3732718894009216
0.5233137166138524
0.5829819854350325
0.39628482972136225
0.5617977528089888
0.4525438857482892
0.5521920668058455
0.500517063081696
0.4943946188340807
0.476338906205724
0.6036794512004989
0.36498290922901633
0.6163038839095177
0.4328358208955224
0.5
0.4677419354838709
0.555895865237366
0.46801872074882994
0.5248498088476242
0.458810692853246
0.6055588409225311
0.3552719946272666
0.5829015544041452
0.40122824974411464
0.676300578034682
0.3586206896551724
0.5603498542274052
0.47487295313382266
0.5257009345794393
0.48275862068965525
0.5185185185185185
0.5232198142414861
0.39933993399339934
0.6405228758169934
0.3460207612456747
0.645704162976085
0.37209302325581395
0.5760368663594471
0.40567484662576686
0.6550783912747103
0.42643171806167407
0.455108359133127
0.6464646464646465
0.3191489361702128
0.5714285714285714
0.48780487804878053
0.550561797752809
0.4235294117647058
0.550561797752809
0.5006257822277848
0.4871794871794872
0.5277777777777778
0.4200581395348837
0.5903614457831325
0.4235294117647058
0.5157894736842105
0.5227272727272727
0.5111111111111111
0.500517063081696
0.47675675675675677
0.5481313703284258
0.38692390139335475
0.5873153779322329
0.49019607843137253
0.4716981132075471
0.5110821382007823
0.5829015544041452
0.3950709484690067
0.5690866510538642
0.47058823529411764
0.6000000000000001
0.37209302325581395
0.5912408759124088
0.3525179856115108
0.7042253521126761
0.2553191489361702
0.6837209302325581
0.3848202396804261
0.5641025641025641
0.6111111111111112
0.2707182320441989
0.7461139896373057
0.2620320855614974
0.6897001303780965
0.4398782343987824
0.5366876310272537
0.3456032719836401
0.6578947368421053
0.4025157232704403
0.5850891410048623
0.4731977818853974
0.45271629778672035
0.6162046908315564
0.2874251497005988
0.7386934673366834
0.25920245398773006
0.7578796561604585
0.3611111111111111
0.48148148148148157
0.5781710914454278
0.39933993399339934
0.5416666666666666
0.4642857142857143
0.5196304849884527
0.4866920152091255
0.5744680851063829
0.3846153846153847
0.7476635514018692
0.19239904988123516
0.8425655976676385
0.14007782101167315
0.757847533632287
0.19950738916256158
0.8526603001364256
0.207492795389049
0.7857142857142857
0.24444444444444444
0.7243107769423559
0.5405405405405405
0.2
0.625
0.7058823529411764
0.13636363636363638
0.8698795180722892
0.12442396313364054
0.9433962264150942
0.056603773584905655
0.8928571428571428
0.07960199004975124
0.9553384508025122
0.05818181818181818
0.8990825688073394
0.15258511979823458
0.777327935222672
0.3424657534246575
0.6835443037974683
0.2702702702702703
0.5056179775280899
0.6419098143236074
0.5311475409836066
0.40142517814726847
0.41791044776119396
0.5675675675675675
0.49484536082474223
0.6447368421052632
0.3347107438016529
0.6335329341317365
0.3858477970627503
0.5405405405405405
0.5555555555555556
0.3575418994413408
0.6879063719115736
0.29840848806366044
0.7622478386167146
0.24744376278118607
0.7441860465116279
0.26666666666666666
0.6269430051813472
0.5126582278481012
0.3121019108280255
0.5950413223140495
0.5384615384615384
0.3414634146341463
0.7431192660550459
0.48
0.36980306345733044
0.6023529411764705
0.30560578661844484
0.8011126564673158
0.279445727482679
0.4747191011235955
0.5264116575591985
0.4750593824228029
0.5847750865051903
0.49063032367972736
0.5004730368968779
0.3967213114754098
0.624390243902439
0.392
0.6824196597353497
0.26991565135895035
0.814043583535109
0.213511259382819
0.7025232403718459
0.2987804878048781
0.641025641025641
0.34782608695652173
0.6923076923076923
0.26229508196721313
0.6838905775075987
0.41320293398533003
0.6416040100250626
0.3507246376811594
0.6077519379844961
0.44046627810158206
0.555984555984556
0.4
0.7763975155279503
0.1879350348027842
0.5340599455040872
0.6648250460405156
0.24108416547788877
0.7701375245579567
0.36651583710407243
0.5263157894736842
0.5405405405405405
0.4319880418535127
0.586038961038961
0.45824847250509165
0.4495412844036698
0.6464646464646465
0.2293577981651376
0.8802395209580839
0.10909090909090907
0.823529411764706
0.17073170731707318
0.9116719242902209
0.0471976401179941
0.9890410958904111
0.0029154518950437317
0.6666666666666666
0.6666666666666666
0.8181818181818181
0.07142857142857142
0.6666666666666666
0.6666666666666666
0.52
0.6666666666666666
0.6666666666666666
0.4285714285714286
0.5
0.6666666666666666
0.6666666666666666
0.6666666666666666
0.6666666666666666
0.04477611940298508
0.4
0.6666666666666666
0.6666666666666666
0.022900763358778626
0.5
0.7352941176470589
0.4285714285714286
0.6666666666666666
