2
1.0
0.5
0.25
0.125
0.0625
0.03125
1.0
0.5
0.25
1.5
1.0
1.6666666666666667
1.4
0.8571428571428571
1.0
1.3333333333333333
0.875
1.2857142857142858
1.0
1.0
0.7777777777777778
1.0
0.8571428571428571
0.3333333333333333
1.0
0.5
2.0
2.0
0.75
0.6666666666666666
2.5
0.4
1.5
1.3333333333333333
0.5
1.0
0.5
3.0
1.5
0.75
4.0
0.75
5.666666666666667
0.17647058823529413
4.333333333333333
0.3076923076923077
3.5
0.5
2.0
0.7142857142857143
1.7
0.8235294117647058
1.3571428571428572
0.8421052631578947
1.0
1.125
0.8333333333333334
1.0666666666666667
0.9375
1.1333333333333333
0.7647058823529411
1.3846153846153846
1.1666666666666667
0.9047619047619048
1.5789473684210527
0.9333333333333333
1.0357142857142858
0.9655172413793104
1.1785714285714286
0.8181818181818182
1.2222222222222223
0.7575757575757576
1.08
1.037037037037037
0.9642857142857143
1.0
0.8888888888888888
0.9583333333333334
0.8260869565217391
1.1578947368421053
0.8181818181818182
1.3888888888888888
0.84
1.2857142857142858
0.7407407407407407
1.4
0.75
1.5714285714285714
0.8181818181818182
1.5925925925925926
0.8837209302325582
0.9473684210526315
0.9444444444444444
1.088235294117647
0.8378378378378378
1.2580645161290323
0.8461538461538461
1.0909090909090908
0.8611111111111112
1.2580645161290323
0.7948717948717948
1.5161290322580645
0.9148936170212766
1.3488372093023255
0.7931034482758621
1.065217391304348
0.9183673469387755
1.2444444444444445
0.8571428571428571
1.1875
0.8947368421052632
1.0
0.9607843137254902
1.0612244897959184
0.8269230769230769
1.2093023255813953
0.8076923076923077
1.119047619047619
0.9148936170212766
1.2325581395348837
0.7924528301886793
1.2380952380952381
0.7884615384615384
1.2682926829268293
0.7884615384615384
1.1951219512195121
0.9183673469387755
1.3333333333333333
0.8333333333333334
1.12
0.9821428571428571
1.0909090909090908
1.0166666666666666
1.0163934426229508
1.064516129032258
0.8484848484848485
1.0
0.9821428571428571
0.9454545454545454
1.1538461538461537
0.8833333333333333
1.1320754716981132
0.8666666666666667
1.3653846153846154
0.9154929577464789
1.2923076923076924
0.8928571428571429
1.2133333333333334
0.945054945054945
1.0813953488372092
0.7956989247311828
1.0405405405405406
0.974025974025974
1.2133333333333334
0.7582417582417582
1.2463768115942029
0.8953488372093024
1.3116883116883118
0.7425742574257426
1.12
1.0476190476190477
1.0681818181818181
0.9680851063829787
1.021978021978022
0.946236559139785
1.2386363636363635
0.8807339449541285
1.21875
0.8974358974358975
1.3904761904761904
0.7808219178082192
1.1666666666666667
0.9172932330827067
0.8524590163934426
1.1346153846153846
0.9661016949152542
1.0964912280701755
0.856
1.2990654205607477
0.7194244604316546
1.36
0.8382352941176471
1.2982456140350878
0.8986486486486487
1.0225563909774436
0.9191176470588235
1.064
0.8721804511278195
1.146551724137931
0.8270676691729323
1.2636363636363637
0.6402877697841727
1.4606741573033708
0.7153846153846154
1.3333333333333333
0.7016129032258065
1.1839080459770115
0.8737864077669902
1.1111111111111112
0.99
1.0909090909090908
0.8055555555555556
1.4482758620689655
0.8571428571428571
1.2777777777777777
0.8333333333333334
1.0695652173913044
0.8130081300813008
1.28
0.6875
1.3522727272727273
0.8571428571428571
1.1372549019607843
0.9827586206896551
1.0087719298245614
0.9565217391304348
1.0727272727272728
0.7711864406779662
1.3846153846153846
0.6349206349206349
1.3375
0.7663551401869159
1.2926829268292683
0.8584905660377359
1.1428571428571428
0.875
1.0769230769230769
1.0510204081632653
0.8349514563106796
1.2906976744186047
0.7927927927927928
1.1590909090909092
0.9019607843137255
1.0108695652173914
0.9354838709677419
1.2183908045977012
0.8113207547169812
1.244186046511628
0.6448598130841121
1.3333333333333333
0.6739130434782609
1.4516129032258065
0.8444444444444444
1.1973684210526316
0.6923076923076923
1.4761904761904763
0.8817204301075269
1.0
0.9024390243902439
1.1081081081081081
0.8536585365853658
1.2714285714285714
0.8089887640449438
1.2222222222222223
0.8295454545454546
1.2602739726027397
0.7282608695652174
1.3880597014925373
0.7204301075268817
1.2686567164179106
0.9058823529411765
1.0909090909090908
0.8809523809523809
1.054054054054054
0.6923076923076923
1.1851851851851851
0.96875
0.9354838709677419
1.0517241379310345
1.0163934426229508
0.8709677419354839
1.4259259259259258
0.6623376623376623
1.2352941176470589
0.873015873015873
1.0545454545454545
1.1896551724137931
0.855072463768116
0.9661016949152542
1.105263157894737
0.7936507936507936
1.6
0.725
1.5517241379310345
0.7222222222222222
0.7230769230769231
1.2127659574468086
0.8771929824561403
0.96
1.2708333333333333
0.819672131147541
1.16
0.9137931034482759
0.8301886792452831
1.5681818181818181
0.6956521739130435
1.0
1.0833333333333333
0.8269230769230769
1.4186046511627908
0.6885245901639344
0.9285714285714286
1.2307692307692308
0.6875
1.5151515151515151
0.6
1.3333333333333333
1.05
0.9047619047619048
1.3157894736842106
0.7
1.1428571428571428
0.975
0.8717948717948718
1.2058823529411764
0.6097560975609756
1.88
0.6808510638297872
1.84375
0.8135593220338984
1.1041666666666667
0.9433962264150944
1.04
0.9038461538461539
1.0638297872340425
0.96
0.9583333333333334
1.0869565217391304
0.68
1.588235294117647
0.6111111111111112
1.4848484848484849
0.8163265306122449
0.975
1.205128205128205
0.9574468085106383
1.1111111111111112
0.88
1.1363636363636365
0.62
1.8064516129032258
0.5535714285714286
1.1935483870967742
0.7837837837837838
1.1724137931034482
0.8529411764705882
1.1724137931034482
1.0294117647058822
0.8857142857142857
1.3225806451612903
0.8292682926829268
1.0588235294117647
0.9166666666666666
1.4848484848484849
0.7346938775510204
1.0833333333333333
0.6410256410256411
1.76
0.75
1.2727272727272727
0.7857142857142857
1.9090909090909092
0.6984126984126984
1.0681818181818181
0.8723404255319149
1.024390243902439
0.9285714285714286
1.3333333333333333
0.7307692307692307
1.1578947368421053
0.9772727272727273
1.0232558139534884
0.7954545454545454
1.2285714285714286
0.6511627906976745
1.5357142857142858
0.7906976744186046
1.0588235294117647
0.8611111111111112
1.3225806451612903
0.6341463414634146
1.6153846153846154
0.7142857142857143
0.9666666666666667
1.0
1.0689655172413792
0.8387096774193549
1.1538461538461537
0.8666666666666667
1.1923076923076923
0.9032258064516129
1.0357142857142858
1.1724137931034482
1.0294117647058822
0.9142857142857143
1.125
1.1111111111111112
1.025
1.048780487804878
1.0
1.0930232558139534
1.0
0.8085106382978723
1.4210526315789473
0.7037037037037037
1.6578947368421053
0.8412698412698413
1.0377358490566038
0.9636363636363636
0.9622641509433962
1.1568627450980393
0.7796610169491526
1.0
1.1521739130434783
0.8301886792452831
1.2727272727272727
0.7321428571428571
1.146341463414634
0.851063829787234
1.1
1.0454545454545454
1.065217391304348
0.8163265306122449
1.275
0.6862745098039216
1.3714285714285714
0.8541666666666666
1.1219512195121952
0.8478260869565217
1.0769230769230769
1.0238095238095237
0.9534883720930233
1.0
1.024390243902439
0.8571428571428571
1.1111111111111112
0.725
1.1724137931034482
0.7941176470588235
1.1111111111111112
0.7666666666666667
1.2608695652173914
0.7241379310344828
1.1904761904761905
0.88
1.0454545454545454
1.0434782608695652
0.9166666666666666
1.1363636363636365
0.76
1.4210526315789473
0.6666666666666666
1.3333333333333333
1.0416666666666667
0.8
1.15
0.782608695652174
1.0
0.8333333333333334
1.4666666666666666
0.6818181818181818
1.1333333333333333
1.0588235294117647
0.8333333333333334
1.2
0.7222222222222222
1.4615384615384615
0.7368421052631579
1.3571428571428572
0.8421052631578947
1.125
0.7777777777777778
1.5714285714285714
0.8181818181818182
1.3888888888888888
1.0
1.28
0.71875
0.9565217391304348
1.0909090909090908
0.9583333333333334
1.2173913043478262
0.75
1.2380952380952381
0.7692307692307693
1.15
1.173913043478261
0.9259259259259259
0.96
1.125
0.7037037037037037
1.3157894736842106
0.56
1.5714285714285714
0.7272727272727273
1.375
0.7727272727272727
1.2352941176470589
0.9047619047619048
1.1578947368421053
1.0
0.9090909090909091
1.45
0.8275862068965517
1.2916666666666667
1.032258064516129
1.0
1.0625
1.0588235294117647
0.8888888888888888
1.0625
1.0294117647058822
0.8285714285714286
1.3448275862068966
0.7692307692307693
1.1333333333333333
1.0
1.2352941176470589
0.7857142857142857
1.121212121212121
0.8378378378378378
1.2580645161290323
0.5128205128205128
1.65
0.7272727272727273
2.0
0.625
1.5333333333333334
0.5434782608695652
1.44
0.8333333333333334
0.9333333333333333
1.2142857142857142
0.9117647058823529
0.9032258064516129
1.0714285714285714
1.0
1.1333333333333333
0.5882352941176471
1.6
0.6875
1.5
0.6666666666666666
1.4545454545454546
0.78125
1.68
0.8571428571428571
1.1111111111111112
0.9
1.4444444444444444
0.75
1.4871794871794872
0.7413793103448276
1.0465116279069768
1.1333333333333333
1.0980392156862746
0.8928571428571429
1.6
0.8
1.6875
0.5833333333333334
1.4126984126984128
0.8651685393258427
1.155844155844156
0.9662921348314607
1.3255813953488371
0.7192982456140351
1.8170731707317074
0.7181208053691275
1.0934579439252337
1.0512820512820513
0.9349593495934959
1.3304347826086957
0.8366013071895425
1.25
0.7875
1.6507936507936507
0.8269230769230769
1.180232558139535
0.7684729064039408
1.3333333333333333
0.6153846153846154
1.6875
0.7222222222222222
1.8653846153846154
0.8178694158075601
1.1428571428571428
1.0073529411764706
0.9963503649635036
0.989010989010989
1.0148148148148148
0.7518248175182481
1.3106796116504855
0.7444444444444445
1.2139303482587065
0.8360655737704918
1.0343137254901962
0.8388625592417062
1.0338983050847457
0.8032786885245902
1.1020408163265305
0.8518518518518519
1.0434782608695652
0.8541666666666666
1.1300813008130082
0.7841726618705036
1.128440366972477
0.7317073170731707
1.1555555555555554
0.8076923076923077
1.1547619047619047
0.8041237113402062
1.2307692307692308
0.6979166666666666
1.328358208955224
0.550561797752809
1.6326530612244898
0.575
1.391304347826087
0.8125
1.2884615384615385
0.8059701492537313
1.1481481481481481
0.7741935483870968
1.0625
1.0980392156862746
1.0
0.9107142857142857
1.1176470588235294
0.7368421052631579
1.619047619047619
0.6470588235294118
1.7954545454545454
0.4810126582278481
1.105263157894737
1.1428571428571428
1.1666666666666667
0.8928571428571429
1.08
1.0185185185185186
0.9636363636363636
1.1132075471698113
0.6779661016949152
1.4
0.5714285714285714
1.46875
0.723404255319149
1.2647058823529411
0.6744186046511628
1.5862068965517242
0.6956521739130435
1.84375
0.7288135593220338
1.3255813953488371
1.0
1.0526315789473684
0.8833333333333333
1.3018867924528301
0.7536231884057971
1.5192307692307692
0.8734177215189873
0.9710144927536232
1.044776119402985
1.0571428571428572
1.0135135135135136
0.7866666666666666
1.3220338983050848
0.7948717948717948
1.2580645161290323
0.7564102564102564
1.2203389830508475
0.8055555555555556
1.2241379310344827
0.7605633802816901
1.4259259259259258
0.7142857142857143
1.2181818181818183
0.7910447761194029
1.0943396226415094
0.8793103448275862
1.2156862745098038
0.8548387096774194
1.169811320754717
0.8709677419354839
1.3333333333333333
0.8194444444444444
1.2372881355932204
0.8904109589041096
0.9076923076923077
1.0677966101694916
0.6666666666666666
1.3333333333333333
0.9464285714285714
1.0188679245283019
0.8148148148148148
1.0909090909090908
1.0625
1.0196078431372548
0.75
1.4102564102564104
0.7272727272727273
1.075
1.0232558139534884
0.8863636363636364
1.1538461538461537
0.6888888888888889
1.3225806451612903
0.6341463414634146
1.5
0.5128205128205128
1.3
1.1153846153846154
1.0344827586206897
1.0
0.7666666666666667
1.391304347826087
0.6875
1.1818181818181819
0.6923076923076923
2.0555555555555554
0.5945945945945946
1.5
0.5454545454545454
1.3888888888888888
0.64
1.1875
1.263157894736842
0.75
0.8888888888888888
1.0
1.1875
0.3684210526315789
2.0
1.0714285714285714
1.2
0.6666666666666666
1.1666666666666667
0.7142857142857143
1.2
1.0
0.9166666666666666
1.3636363636363635
0.7333333333333333
1.1818181818181819
0.8461538461538461
1.0909090909090908
0.8333333333333334
1.3
0.6923076923076923
1.2222222222222223
0.5454545454545454
1.3333333333333333
1.125
0.8888888888888888
0.5
2.0
0.625
1.8
0.7777777777777778
1.5714285714285714
0.7272727272727273
0.75
1.0
1.1666666666666667
1.2857142857142858
1.0
0.7777777777777778
1.4285714285714286
0.7
0.8571428571428571
1.5
0.5555555555555556
1.2
0.5
1.6666666666666667
0.8
2.75
0.8181818181818182
2.111111111111111
0.7368421052631579
1.8571428571428572
0.7307692307692307
1.1578947368421053
0.9545454545454546
1.1904761904761905
0.84
1.5714285714285714
0.9393939393939394
1.6774193548387097
0.6923076923076923
1.2222222222222223
0.9090909090909091
1.125
0.8
1.3611111111111112
0.8367346938775511
1.024390243902439
1.0238095238095237
1.0
1.186046511627907
0.8235294117647058
1.0714285714285714
1.0666666666666667
0.9791666666666666
1.0425531914893618
0.9591836734693877
1.2765957446808511
0.85
1.2352941176470589
0.9841269841269841
1.3387096774193548
0.891566265060241
1.1216216216216217
0.8795180722891566
1.1506849315068493
0.9166666666666666
1.2077922077922079
0.8064516129032258
1.1466666666666667
0.8953488372093024
1.0389610389610389
1.0375
1.108433734939759
1.0108695652173914
1.3548387096774193
0.8412698412698413
0.9811320754716981
1.0480769230769231
0.8256880733944955
1.1888888888888889
0.7757009345794392
1.0843373493975903
0.8888888888888888
1.1
0.8409090909090909
1.472972972972973
0.7431192660550459
1.4320987654320987
0.8275862068965517
1.1875
0.7719298245614035
1.1931818181818181
0.7904761904761904
1.2048192771084338
0.9
1.0888888888888888
0.8775510204081632
1.0930232558139534
0.776595744680851
1.3013698630136987
0.9473684210526315
1.1444444444444444
0.883495145631068
1.2087912087912087
0.7636363636363637
0.9761904761904762
0.9146341463414634
1.2133333333333334
0.8901098901098901
1.0246913580246915
0.9879518072289156
0.9634146341463414
1.1518987341772151
0.8791208791208791
1.2
0.7395833333333334
1.3943661971830985
0.7070707070707071
1.2285714285714286
0.7674418604651163
1.0909090909090908
0.9166666666666666
1.106060606060606
0.9726027397260274
1.1549295774647887
0.9390243902439024
0.961038961038961
1.162162162162162
0.8255813953488372
1.1830985915492958
0.6666666666666666
1.4642857142857142
0.6707317073170732
1.709090909090909
0.7553191489361702
0.9014084507042254
1.03125
1.0606060606060606
1.1
0.8441558441558441
1.2153846153846153
0.7468354430379747
1.271186440677966
0.8666666666666667
1.2153846153846153
0.8860759493670886
1.0857142857142856
0.9078947368421053
1.144927536231884
0.759493670886076
1.4166666666666667
0.6352941176470588
1.3703703703703705
0.7702702702702703
1.0526315789473684
0.7833333333333333
1.1914893617021276
0.8571428571428571
1.0208333333333333
1.0
0.8979591836734694
1.3181818181818181
0.6896551724137931
1.35
0.6851851851851852
1.2162162162162162
1.0222222222222221
1.0434782608695652
0.9166666666666666
1.2727272727272727
0.75
1.2142857142857142
0.7254901960784313
1.2432432432432432
0.6521739130434783
1.3666666666666667
0.7560975609756098
1.096774193548387
1.088235294117647
1.054054054054054
0.717948717948718
1.1785714285714286
0.7878787878787878
1.2307692307692308
0.8125
0.9230769230769231
1.2083333333333333
0.8620689655172413
1.12
1.0714285714285714
0.4666666666666667
2.0
0.6785714285714286
1.5263157894736843
0.8620689655172413
1.04
1.0384615384615385
1.2222222222222223
0.8787878787878788
1.0689655172413792
0.8064516129032258
1.32
0.8181818181818182
1.0
0.8148148148148148
1.1363636363636365
1.08
0.7037037037037037
1.3157894736842106
0.76
1.263157894736842
0.9166666666666666
0.9545454545454546
1.1904761904761905
0.88
1.3181818181818181
0.9310344827586207
1.0
0.8148148148148148
1.3181818181818181
0.9310344827586207
1.037037037037037
1.0357142857142858
0.8620689655172413
1.32
0.7575757575757576
1.0
1.24
0.8387096774193549
1.0
0.9615384615384616
1.0
0.8
1.45
0.8620689655172413
1.08
1.0740740740740742
1.0
0.8620689655172413
1.16
1.0344827586206897
1.2666666666666666
1.0263157894736843
0.9230769230769231
0.7222222222222222
1.3076923076923077
0.7058823529411765
1.2083333333333333
1.1724137931034482
0.8529411764705882
1.103448275862069
0.78125
1.44
0.6388888888888888
1.4782608695652173
0.7352941176470589
1.48
0.7027027027027027
1.6923076923076923
0.6818181818181818
1.1666666666666667
1.0285714285714285
0.8055555555555556
1.103448275862069
0.84375
1.3703703703703705
0.8648648648648649
1.25
0.8
1.21875
1.0
1.0512820512820513
0.6829268292682927
1.2857142857142858
0.75
1.2592592592592593
1.1470588235294117
0.8205128205128205
1.25
0.975
1.1794871794871795
0.9565217391304348
0.9545454545454546
0.9761904761904762
1.0731707317073171
0.7045454545454546
1.2258064516129032
0.7631578947368421
1.0
1.0
1.1379310344827587
0.9090909090909091
1.0333333333333334
0.9354838709677419
1.103448275862069
0.71875
1.3043478260869565
0.9333333333333333
1.3928571428571428
0.6666666666666666
1.1923076923076923
0.9354838709677419
1.0344827586206897
0.9333333333333333
1.0
0.9285714285714286
0.8461538461538461
1.2727272727272727
0.7142857142857143
1.35
0.7407407407407407
1.25
0.92
1.3478260869565217
0.7096774193548387
0.9545454545454546
1.1428571428571428
0.625
1.3333333333333333
1.0
1.05
0.8571428571428571
1.1666666666666667
0.9523809523809523
0.95
1.0
0.8947368421052632
1.2352941176470589
0.8571428571428571
1.1666666666666667
1.0952380952380953
1.0
0.9565217391304348
0.9545454545454546
1.0476190476190477
0.8636363636363636
1.368421052631579
0.9615384615384616
1.0
1.12
1.0714285714285714
0.7666666666666667
1.173913043478261
0.8888888888888888
1.0
0.6666666666666666
1.125
0.7777777777777778
1.4285714285714286
0.6
1.75
0.8095238095238095
1.2941176470588236
1.0
0.6363636363636364
1.7142857142857142
0.5833333333333334
1.6428571428571428
0.7391304347826086
0.9411764705882353
0.8125
1.5384615384615385
0.8
1.1875
0.8421052631578947
0.9375
1.1333333333333333
0.7058823529411765
1.75
0.6190476190476191
1.7692307692307692
0.5652173913043478
1.0
1.0769230769230769
0.7857142857142857
1.1818181818181819
1.0
1.1538461538461537
1.0666666666666667
1.125
0.8333333333333334
1.3333333333333333
0.45
1.8888888888888888
0.35294117647058826
2.1666666666666665
0.6923076923076923
2.7777777777777777
0.48
1.8333333333333333
0.5
1.5454545454545454
0.5882352941176471
0.5
2.0
1.2
0.5
3.1666666666666665
0.47368421052631576
3.3333333333333335
0.2
3.3333333333333335
0.4
4.625
0.21621621621621623
3.5
0.39285714285714285
2.1818181818181817
0.625
1.2
0.5555555555555556
1.5
1.4666666666666666
0.8181818181818182
0.7222222222222222
1.0769230769230769
1.5
1.1428571428571428
1.1666666666666667
0.6428571428571429
1.2777777777777777
0.7391304347826086
1.1764705882352942
1.0
0.8
1.4375
0.6521739130434783
1.5333333333333334
0.4782608695652174
1.4545454545454546
0.5
1.375
0.8181818181818182
0.7777777777777778
1.7142857142857142
1.1666666666666667
1.0
1.9285714285714286
0.6666666666666666
0.7222222222222222
1.2307692307692308
0.8125
1.8461538461538463
0.4583333333333333
1.1818181818181819
1.3076923076923077
1.1764705882352942
1.3
0.9230769230769231
0.9583333333333334
0.9565217391304348
1.4545454545454546
0.875
1.3571428571428572
0.631578947368421
1.7083333333333333
0.3902439024390244
1.4375
0.6086956521739131
1.4285714285714286
0.8
1.5
0.6666666666666666
1.875
0.8666666666666667
1.2307692307692308
0.6875
1.2727272727272727
0.8214285714285714
1.0434782608695652
0.8333333333333334
1.25
0.36
1.5555555555555556
1.3571428571428572
0.6842105263157895
2.1538461538461537
0.6428571428571429
1.1111111111111112
1.0
0.85
1.1176470588235294
0.7894736842105263
0.9333333333333333
1.1428571428571428
0.625
2.1
0.2857142857142857
2.3333333333333335
0.5
2.4285714285714284
0.23529411764705882
4.75
0.05263157894736842
18.0
9.0
4.5
1.0
13.0
6.5
3.25
3.0
1.5
0.75
1.0
1.0
0.5
0.25
0.125
0.0625
0.03125
0.6666666666666666
1.0
0.75
0.375
0.1875
0.09375
0.046875
2.0
1.0
0.5
1.0
1.0
1.6666666666666667
0.6
1.0
1.0
1.0
1.3333333333333333
0.6666666666666666
0.3333333333333333
0.16666666666666666
0.08333333333333333
1.0
2.0
1.0
0.5
0.25
0.125
0.0625
0.03125
0.015625
0.0078125
0.00390625
0.001953125
0.0009765625
0.00048828125
